  1.0064190e+00   7.9715350e+00
  -8.5685970e+00  -9.9490500e-01
  -7.8304110e+00  -6.0822780e+00
  -3.0948430e+00   2.8229700e-01
  -6.5232320e+00   5.8071460e+00
   6.8219650e+00   1.6064030e+00
   4.2840500e+00   6.8863890e+00
  -1.1162360e+00   2.5879520e+00
   7.6025770e+00  -8.4667590e+00
  -2.7801350e+00  -2.3592080e+00
   4.0956480e+00  -1.0617990e+01
  -2.6163240e+00  -9.5984550e+00
  -5.8585770e+00  -7.5446580e+00
   6.2907050e+00  -1.8402610e+00
   2.9181930e+00   8.2224900e+00
   6.5008850e+00   1.7547380e+00
  -7.3792040e+00  -5.7823800e+00
  -1.2178490e+00   1.8813060e+00
  -2.5266740e+00  -7.4967000e-02
  -9.0931720e+00  -2.3148980e+00
   1.5546940e+00  -1.0355178e+01
  -4.2446800e-01  -3.9007150e+00
  -3.1417340e+00   1.8340600e-01
   1.2714010e+01   6.4520300e-01
  -2.8411970e+00   1.7356900e-01
   1.1034014e+01  -4.7638590e+00
   1.7698850e+00   7.6289750e+00
  -2.7802870e+00   8.5322140e+00
   1.1351407e+01  -4.8190890e+00
  -3.0048220e+00  -1.3075370e+00
   1.0789700e+00  -1.0153893e+01
  -4.4254360e+00  -8.5960090e+00
   1.7311080e+00   8.3341360e+00
  -5.6226730e+00   6.4236510e+00
   2.1987810e+00  -1.0830815e+01
  -6.7300470e+00  -7.1430730e+00
   1.1563370e+00   7.9304630e+00
  -5.2701030e+00  -8.4332460e+00
  -2.0984520e+00  -2.5664870e+00
   1.3427832e+01   3.1497000e-02
  -2.3827910e+00   7.6274810e+00
  -1.6323790e+00   1.5891270e+00
   2.1072380e+00  -1.0842511e+01
   2.7199890e+00  -1.0090506e+01
   1.5682140e+00  -4.2524400e+00
  -8.5743660e+00   6.8830100e-01
   4.2990190e+00  -1.0198824e+01
   6.2004740e+00   4.9056760e+00
  -1.8756440e+00   1.3143340e+00
   9.0203000e-02  -4.3662870e+00
   6.9018320e+00  -3.8453800e-01
   6.4090960e+00   2.6944390e+00
   8.9006100e-01  -1.0262465e+01
  -6.2527000e-01  -1.0728648e+01
   6.0957400e-01   8.0385950e+00
   6.1318940e+00   3.5894750e+00
  -6.0368480e+00   6.1438010e+00
   4.2082200e+00  -1.0475225e+01
  -1.0447430e+00   2.7411350e+00
  -2.7158170e+00   1.2218300e-01
   6.0125510e+00  -2.1824100e+00
  -3.6709900e-01  -4.0225780e+00
  -4.0460840e+00  -8.8928520e+00
  -1.2278850e+00  -3.3650220e+00
   3.3853860e+00   7.2905550e+00
  -1.8854290e+00   1.0909280e+00
   4.2562060e+00  -4.1735370e+00
  -1.6898150e+00   8.3392360e+00
  -8.4985590e+00   2.3301040e+00
   6.4153840e+00  -9.3724950e+00
  -1.3053810e+00   2.2845570e+00
   2.0104810e+00  -4.7522750e+00
  -9.4317650e+00   1.6552800e-01
   3.9039140e+00  -4.3319890e+00
  -4.1206230e+00  -8.5074960e+00
   1.4736990e+00  -4.4046150e+00
   6.6539220e+00   1.4491250e+00
  -1.8677250e+00  -2.0616000e+00
  -1.2952610e+00   1.9222110e+00
   4.6793020e+00   5.8343770e+00
  -2.4314530e+00  -9.1448900e-01
   3.1739330e+00   7.3683950e+00
  -3.8018340e+00  -8.8680570e+00
  -2.1913700e+00  -1.0125781e+01
  -2.6372300e+00   9.5237600e-01
  -8.2282600e-01  -3.2205460e+00
   1.2975929e+01  -1.9004160e+00
  -1.0846460e+00  -3.2147250e+00
   3.2631400e+00  -3.8179100e+00
   3.1773860e+00   7.8691350e+00
  -4.1271280e+00  -9.2718940e+00
  -7.3893200e-01  -4.0246400e+00
   5.8097780e+00  -9.5328540e+00
  -8.5156470e+00  -2.0082930e+00
  -2.4539070e+00  -2.7415610e+00
   6.4263190e+00   2.8697630e+00
   1.0676434e+01  -5.7333280e+00
   1.1829536e+01  -4.2875860e+00
  -2.6670540e+00  -5.0371100e-01
   2.8933700e-01  -1.0534321e+01
   3.6882490e+00  -3.9713020e+00
   6.6918380e+00   3.4171910e+00
   3.3785360e+00   7.6226280e+00
  -8.9262760e+00   1.8353140e+00
  -8.1131350e+00  -4.6903700e+00
  -9.2703400e-01  -3.6922440e+00
  -1.0597810e+00   8.0847380e+00
   1.9507980e+00   8.1796060e+00
  -2.8403540e+00  -1.8460000e-03
   6.4855000e+00  -1.5508650e+00
  -7.5038050e+00   4.7983630e+00
   1.8372540e+00   8.3251270e+00
   2.9348820e+00  -1.0367334e+01
   4.3600410e+00   6.7835560e+00
   4.7251500e+00   6.3173750e+00
  -2.5143440e+00  -9.8585630e+00
  -1.5312740e+00   8.0449510e+00
  -2.5255850e+00   7.5479400e-01
   3.4990260e+00  -3.6307840e+00
  -7.7060940e+00  -4.6070700e+00
  -2.9500400e+00  -9.2946820e+00
   1.5163970e+00  -1.0922225e+01
   3.8821500e+00  -3.7399680e+00
   6.5232100e-01  -3.9717210e+00
  -5.0897020e+00  -7.5811140e+00
   1.0134175e+01  -5.8286780e+00
  -7.4072170e+00   4.5138040e+00
  -1.5338460e+00   2.3296730e+00
   7.0899680e+00   8.9285100e-01
   1.1784231e+01  -2.6131040e+00
   2.1614980e+00   8.1759360e+00
  -6.6664910e+00   4.6629330e+00
  -1.5568200e-01   8.8352530e+00
  -8.5950590e+00   1.2771480e+00
   1.8247500e+00   8.2827630e+00
   4.6332830e+00   5.6159090e+00
   6.9539920e+00   1.9220130e+00
   2.4326030e+00  -1.0824328e+01
   1.0638903e+01  -6.9921060e+00
   1.2918534e+01  -2.3741260e+00
   5.5209720e+00  -2.6337640e+00
   6.8237000e-02  -1.0465762e+01
  -2.0814540e+00  -2.7609110e+00
  -6.9520350e+00   5.9681200e+00
   1.9982290e+00  -4.5246060e+00
  -4.8008480e+00  -9.0822660e+00
   6.3280740e+00   7.1459000e-01
   1.1093018e+01  -5.4449300e+00
  -1.7307770e+00  -9.6462350e+00
   1.1799743e+01  -4.4774690e+00
  -2.7294900e+00  -1.4423480e+00
  -2.7269700e+00   8.5511000e-02
   9.6802600e-01   8.2234310e+00
  -6.8915360e+00  -6.8774310e+00
   1.5383740e+00  -4.5955780e+00
  -7.5142400e+00  -4.6191770e+00
  -1.9753020e+00  -3.1348400e+00
   1.7411150e+00   8.3938590e+00
  -1.7750800e+00   1.9842040e+00
   5.9320890e+00   4.0664120e+00
  -2.7191700e+00   1.5053100e+00
  -2.4341750e+00  -1.5284090e+00
  -1.4177470e+00  -3.0734590e+00
  -3.2234230e+00  -1.4628450e+00
  -1.2545970e+00   2.2976910e+00
   6.1627060e+00   4.2703540e+00
   4.8076480e+00  -9.6731350e+00
  -2.4287770e+00   8.5158000e-02
   5.7328690e+00   5.6450560e+00
   5.8819960e+00  -8.2188600e-01
  -2.9553580e+00  -7.9787500e-01
  -8.8013250e+00  -2.5869600e+00
  -1.1593260e+00   2.3576520e+00
  -2.8343830e+00   1.0890400e-01
  -2.0028800e+00  -2.4250070e+00
  -2.3439140e+00   8.0861680e+00
  -3.1578300e+00  -1.1961160e+00
  -4.4142390e+00  -8.6677570e+00
   7.3338630e+00   2.1392480e+00
   1.2137532e+01  -3.8012890e+00
   7.2017710e+00   1.1537720e+00
  -5.6791890e+00   6.1118550e+00
   1.1576930e+00  -1.0715645e+01
  -2.0091970e+00  -2.6320980e+00
  -5.1506430e+00   6.9234740e+00
   5.6557270e+00  -2.4457470e+00
   3.6150100e+00  -9.9767610e+00
   6.7567490e+00  -9.7106150e+00
  -2.3183180e+00  -2.4439400e-01
  -2.2922170e+00   1.4574400e-01
   6.3947230e+00  -1.0020270e+00
  -8.9711610e+00   3.8697800e-01
  -1.0688810e+00  -3.4317010e+00
   6.2900840e+00   4.9180350e+00
  -6.9101130e+00  -6.2391570e+00
   1.1653260e+00  -4.4037930e+00
  -8.7918640e+00   1.7265820e+00
  -3.7724900e+00  -9.5198100e+00
   6.8433830e+00  -3.1566500e-01
  -6.5449090e+00  -6.5393240e+00
  -4.2807280e+00  -8.3094410e+00
  -4.6466280e+00   6.8918740e+00
  -6.7796160e+00   5.0754790e+00
   6.5529690e+00  -3.7002000e-02
  -1.1679100e+00   2.4400840e+00
  -2.2691400e+00  -1.3934090e+00
  -1.1010240e+00   8.5278750e+00
  -8.8027570e+00   2.8015000e+00
  -6.3908840e+00   5.7745450e+00
  -1.7977590e+00   1.6505090e+00
  -2.6831490e+00  -1.9003600e+00
  -3.5665450e+00  -9.4606320e+00
  -2.3104840e+00  -1.6355910e+00
  -1.7937730e+00  -3.4174790e+00
   5.2987470e+00  -2.5323060e+00
   5.3793430e+00  -2.2232800e+00
  -2.5220950e+00   1.2053740e+00
  -2.6018920e+00  -1.3756770e+00
   5.6015570e+00   6.0001950e+00
   3.9689340e+00  -1.0513323e+01
  -1.3293080e+00   2.4243860e+00
   7.1791210e+00   3.3303200e-01
  -1.3362640e+00  -2.9910100e+00
  -2.6524540e+00   6.3854000e-01
  -1.2659470e+00   1.8216690e+00
  -1.6977510e+00  -3.1532970e+00
   1.9199540e+00  -4.1182950e+00
   5.6049190e+00   6.2250940e+00
  -9.1003830e+00  -1.9443790e+00
   3.8243610e+00   7.2175030e+00
  -5.6905650e+00   6.9521470e+00
   6.3133790e+00   2.1732130e+00
  -2.2902100e+00   8.8632000e-02
   7.3383800e+00  -8.8551960e+00
  -3.0567890e+00  -2.7087300e-01
  -2.1380030e+00   8.0649130e+00
   5.6988390e+00   6.1108580e+00
   6.2236350e+00  -1.0029481e+01
   6.8228400e+00   1.0671900e+00
  -7.1883730e+00  -5.5823570e+00
   6.1159920e+00   3.6108090e+00
  -8.2656160e+00  -3.9485540e+00
  -5.0003000e-01  -1.0219383e+01
  -1.0986810e+00  -1.0316457e+01
   6.6562390e+00  -9.5349890e+00
   6.0648310e+00  -9.2475200e+00
  -2.7534970e+00   1.5415010e+00
   2.3079180e+00  -1.0724512e+01
  -8.4917010e+00  -1.3356960e+00
  -4.1296940e+00   8.0457390e+00
  -9.3607530e+00  -8.5985800e-01
   9.0107310e+00  -7.6215400e+00
  -1.2724800e-01   8.3026800e+00
   5.9380330e+00  -2.0877970e+00
  -2.2797500e+00   7.9826180e+00
   1.0213272e+01  -6.1702400e+00
   4.0482630e+00  -3.5157050e+00
   6.3772670e+00  -5.0234900e-01
  -8.3985040e+00   1.7951190e+00
   5.7457320e+00  -2.0895400e+00
   5.3916750e+00   5.4840700e+00
  -8.5985960e+00  -4.5439410e+00
  -1.4614000e+00  -2.4438690e+00
  -8.2410940e+00   1.6884130e+00
   7.1465590e+00   7.6044400e-01
  -2.9221210e+00   1.1002100e-01
   1.3005300e+00   8.5546910e+00
   6.0376330e+00  -9.0384600e+00
  -7.5824100e-01   8.7723120e+00
  -6.1755590e+00   6.6765930e+00
  -2.4190070e+00  -2.1401790e+00
   7.9468980e+00  -8.5264470e+00
   4.8195500e+00   6.5183470e+00
   2.5524430e+00   7.6131110e+00
   4.0621980e+00   7.2687240e+00
   6.6344420e+00   3.6937550e+00
  -8.8903170e+00  -9.1601500e-01
   1.3271993e+01  -1.4035100e-01
   4.2759230e+00   6.6258670e+00
   6.8471760e+00   1.4411970e+00
  -3.5814240e+00  -9.7842760e+00
   2.0750310e+00   8.0464500e+00
  -4.3629210e+00  -9.0196500e+00
  -8.8623170e+00  -2.0697970e+00
  -3.9751100e-01  -3.6255310e+00
  -2.8739800e+00  -2.3003860e+00
  -2.2135240e+00  -2.9328450e+00
   1.1849319e+01  -2.8692130e+00
  -1.4353560e+00   1.6766970e+00
  -6.5960700e-01  -4.0053160e+00
  -3.2518800e+00  -1.7637800e-01
  -2.4244640e+00   8.6552000e-02
  -5.2823480e+00  -8.2647360e+00
  -1.1647910e+00   2.7072760e+00
  -2.1836620e+00  -1.8782380e+00
  -8.3914070e+00   8.5423600e-01
  -1.9772870e+00  -2.0302500e+00
  -2.1837410e+00  -1.4289160e+00
   1.2901677e+01  -1.4221040e+00
   1.7270860e+00  -4.2482700e+00
  -8.6385280e+00   7.8538900e-01
  -2.8769880e+00   8.1184670e+00
   6.7378750e+00  -9.5851790e+00
   7.6903900e-01   8.1566290e+00
   6.8570200e+00   3.5240920e+00
  -6.1898170e+00   6.0629850e+00
   6.0334810e+00  -9.5502650e+00
   1.1032372e+01  -5.9195500e+00
   2.7086820e+00   7.9274940e+00
  -2.4748880e+00  -1.7382800e+00
  -8.0365310e+00  -4.5514760e+00
  -3.2318830e+00   8.1271010e+00
  -1.7835510e+00   1.8833260e+00
   6.2451160e+00   5.5151020e+00
  -3.3417950e+00   7.8080840e+00
   5.5426160e+00  -1.0046660e+01
  -4.4249090e+00   7.2430590e+00
  -8.5752700e+00   2.2018000e-01
  -2.1933400e-01  -3.9304960e+00
   1.0164749e+01  -6.3755610e+00
   1.2866752e+01  -3.1515700e-01
   6.8511760e+00   1.5193910e+00
  -3.5007700e+00   7.5843260e+00
  -1.3184090e+00   8.7632020e+00
  -8.1289460e+00  -3.5750720e+00
   2.9593030e+00  -1.0542189e+01
   1.9208290e+00  -4.3312830e+00
   9.7692410e+00  -6.4495700e+00
   7.4071890e+00  -8.5675520e+00
  -2.3166730e+00   6.7807000e-02
   1.0485706e+01  -6.9281170e+00
   1.3442920e+01   5.6559000e-02
  -2.8008120e+00   7.8958480e+00
  -4.3013580e+00  -8.4093540e+00
  -8.2784400e-01  -3.9469970e+00
  -2.9718490e+00  -1.2094000e+00
  -2.4714900e+00  -2.4199980e+00
  -3.8960550e+00  -9.4428710e+00
   5.3736790e+00  -9.6228250e+00
   1.7267760e+00  -4.6308740e+00
   6.4928020e+00  -3.9871000e-01
   1.4726750e+00  -4.2137430e+00
  -3.0254720e+00   3.1288100e-01
   1.1609978e+01  -4.9813520e+00
   1.2647550e+00  -3.9594650e+00
  -9.4148020e+00  -7.3295400e-01
  -6.5214430e+00   6.3309400e+00
   3.9087470e+00  -4.0651910e+00
  -7.2048810e+00   4.8923990e+00
  -1.5687100e+00   1.8016220e+00
  -6.7917770e+00  -6.1376010e+00
   7.7008510e+00  -8.2853270e+00
  -2.0228900e+00  -2.4466620e+00
  -6.5159100e+00  -7.1841180e+00
  -6.5734600e+00   6.5312200e+00
  -9.0848070e+00  -1.7470320e+00
  -9.4982800e-01   8.2862650e+00
   3.2233140e+00  -4.6210370e+00
   6.9733310e+00   2.0579110e+00
   6.8977340e+00  -1.9067400e-01
  -2.5688110e+00   3.6863700e-01
   1.1156181e+01  -5.8672470e+00
   1.3105440e+01  -1.3858280e+00
   2.5906420e+00  -3.8835320e+00
  -1.7573800e-01  -3.6237290e+00
   4.0844380e+00   6.3596020e+00
  -9.1910680e+00  -1.6977280e+00
   6.1170920e+00  -1.4834170e+00
  -2.9023660e+00  -1.6118000e+00
  -2.8031350e+00   7.4121800e-01
   6.4551570e+00  -1.0869980e+00
   6.1662000e+00  -9.1717420e+00
  -5.1560550e+00  -8.4610710e+00
   1.0839320e+00  -1.0803150e+01
   2.4306070e+00  -1.0349544e+01
   1.0399500e-01   8.0421790e+00
  -1.0317410e+00  -9.9759540e+00
   5.8488390e+00  -1.4430770e+00
  -1.2300640e+00   1.7701570e+00
   1.6443440e+00  -4.2195640e+00
   4.9244410e+00   6.2842260e+00
   7.0372880e+00   2.0653970e+00
  -1.3711730e+00  -3.0802280e+00
  -9.2301190e+00  -2.0536300e-01
   4.6696000e+00   6.5817510e+00
  -3.0367310e+00   1.1150400e-01
   5.1833130e+00  -2.3514090e+00
  -5.4557630e+00  -7.7302610e+00
  -1.0618390e+00   2.4410320e+00
  -1.4863580e+00  -2.7456880e+00
  -5.1733870e+00  -7.6604240e+00
  -6.5352490e+00   5.5023850e+00
  -6.8732550e+00   5.7901330e+00
  -1.0166330e+00   2.0364660e+00
  -1.1648860e+00  -1.0403307e+01
  -5.1023700e-01  -1.0161518e+01
  -1.3604260e+00   8.8391660e+00
  -5.9648330e+00   6.8085910e+00
   6.8949440e+00  -6.5086700e-01
  -7.0226970e+00   5.4007960e+00
  -2.1001110e+00   4.0858700e-01
   4.8895090e+00  -2.9104340e+00
  -4.0616040e+00   7.6986110e+00
  -2.9149210e+00  -1.2183400e+00
   1.0537300e+00   8.2544400e+00
  -2.9550290e+00  -4.1846500e-01
  -8.5125570e+00  -2.3634830e+00
  -6.4134930e+00   6.0058480e+00
   2.7597520e+00   7.0967200e+00
  -1.8765800e+00   1.8319550e+00
  -4.6400000e-03  -4.0463000e+00
  -4.7216090e+00  -8.1814650e+00
  -3.0546170e+00  -1.0256800e-01
   5.9170980e+00  -2.2965760e+00
   4.9445620e+00  -2.7042900e+00
  -2.0360800e+00  -3.1844650e+00
  -7.9126870e+00   4.6079180e+00
   2.9231410e+00  -4.5927090e+00
  -2.2851320e+00   1.4492410e+00
  -1.2190550e+00   8.6933240e+00
   3.8599770e+00  -9.8489320e+00
   3.3682650e+00   7.1662960e+00
  -8.6083810e+00  -7.3523200e-01
   6.5704600e-01  -1.0639281e+01
  -9.3963600e-01  -3.6771170e+00
   5.1753160e+00  -9.5484720e+00
   2.1027410e+00  -4.6989110e+00
  -2.8564450e+00   5.9190700e-01
   5.1862710e+00   6.2453490e+00
  -5.3878600e+00  -7.8035770e+00
  -4.9168310e+00  -9.0691180e+00
  -9.0454650e+00  -8.3680700e-01
  -8.6302500e+00   1.8961500e-01
   4.0761000e+00  -3.6427260e+00
  -2.8829320e+00   7.1849400e-01
   1.9125970e+00  -4.3821900e+00
  -9.2279790e+00   9.4901000e-01
   8.0412600e-01  -3.7922330e+00
  -5.2315210e+00   6.7586850e+00
   9.2369970e+00  -8.0875280e+00
   5.8169910e+00  -2.8683740e+00
   3.5958150e+00  -9.8304160e+00
   6.3713900e+00  -1.2512960e+00
   2.2448810e+00  -1.0835290e+01
  -2.7679370e+00  -2.2810510e+00
  -8.6184320e+00   1.0658240e+00
   2.1416230e+00   8.5852720e+00
  -5.1773210e+00  -8.3913180e+00
   1.1633140e+00   7.9971820e+00
  -5.9832500e-01  -3.5285720e+00
  -7.6077300e+00  -5.3983100e+00
  -1.5772440e+00   1.8711130e+00
  -8.4879470e+00   3.4759790e+00
  -5.1552570e+00   7.4939560e+00
  -1.8758900e+00   1.3388730e+00
  -2.9623690e+00  -1.7559680e+00
  -9.1983350e+00  -2.1756320e+00
  -8.9684530e+00   4.2894000e-01
   2.6616570e+00  -4.2799680e+00
  -8.6884630e+00   2.3493220e+00
  -2.3991760e+00  -9.4722800e-01
   1.1664228e+01  -4.8544540e+00
  -2.7275870e+00  -1.9271850e+00
   5.0873800e+00   5.4931780e+00
  -9.3274750e+00   6.9796000e-02
  -8.2088930e+00  -3.9105520e+00
  -1.0966880e+00   1.8100800e+00
   4.5282230e+00  -2.9022020e+00
  -8.7733410e+00  -4.0079800e-01
  -2.3437800e+00  -2.2987390e+00
  -8.7526630e+00  -2.9528960e+00
  -1.8236060e+00   2.0558420e+00
  -2.4346520e+00  -1.3380860e+00
   2.6399580e+00  -4.4846420e+00
   3.3118410e+00  -1.0698522e+01
  -7.2324330e+00   4.7571690e+00
   7.1910780e+00   1.4433120e+00
  -2.9297910e+00  -1.5146330e+00
   5.8679310e+00   5.9424990e+00
   4.4312580e+00   6.4939560e+00
  -8.2561950e+00  -3.9670250e+00
  -8.7131270e+00  -4.2220300e-01
  -7.1524490e+00  -6.6251980e+00
   2.2417920e+00  -3.8968110e+00
  -3.3287800e-01  -4.1745420e+00
  -3.1528480e+00   7.8392490e+00
  -3.5465260e+00  -9.6725520e+00
  -9.1931150e+00  -1.1715070e+00
   1.2562900e+00   7.8212900e+00
  -1.4180330e+00   2.3352020e+00
  -6.6176800e+00   6.3359640e+00
   6.7887600e+00   3.0979970e+00
   7.5435710e+00  -9.0974100e+00
  -5.8336490e+00   5.9954090e+00
  -8.3142220e+00   1.9650920e+00
  -2.0233110e+00  -3.0676940e+00
   5.9377750e+00   4.1204030e+00
  -2.3651150e+00  -9.6082190e+00
  -2.3643030e+00  -9.8116660e+00
  -2.3988700e+00   2.0607500e-01
   1.2724229e+01   2.4951000e-01
  -6.9468300e-01  -3.6756510e+00
  -2.8935080e+00  -3.3259700e-01
   1.9152260e+00   8.0482570e+00
   1.2774376e+01  -2.4804600e-01
  -2.8089360e+00  -8.4030200e-01
   7.1457510e+00  -9.4049460e+00
  -7.1686200e-01  -4.3559670e+00
   6.0977290e+00  -1.2915890e+00
  -2.8892630e+00  -1.0100784e+01
  -2.8229470e+00  -1.0027960e+01
   5.1114540e+00  -3.2090550e+00
  -2.2994350e+00  -2.6974000e+00
  -1.2836910e+00  -3.4572640e+00
  -2.5798200e+00   3.5808900e-01
   8.5436900e-01  -4.2754770e+00
   2.4170230e+00  -4.7354760e+00
  -7.6092530e+00  -6.2622840e+00
   7.1289650e+00   6.1107800e-01
  -1.3689800e+00  -3.1690310e+00
  -7.6851250e+00  -5.5022300e+00
   2.4686700e+00  -1.0787823e+01
   5.5061530e+00   5.0653410e+00
  -9.1584880e+00  -8.8497200e-01
   8.7780900e+00  -7.8452760e+00
   1.5808100e-01  -4.3767150e+00
  -2.3581400e+00  -2.7053990e+00
  -2.1435670e+00  -2.3195210e+00
   5.3022230e+00   5.3227570e+00
   4.0291530e+00  -3.6316680e+00
   2.3908200e+00  -4.5267500e+00
   5.0443920e+00  -9.9366420e+00
   6.6398030e+00  -2.1690000e-03
  -3.2289750e+00   3.6960000e-02
  -8.5397780e+00   1.0186570e+00
   3.7714380e+00  -1.0261777e+01
  -2.6961460e+00   6.7560500e-01
  -7.1275040e+00   5.2264340e+00
  -7.6778970e+00   3.7968960e+00
  -2.7822140e+00  -9.4112930e+00
  -6.5339930e+00   5.3955880e+00
   7.1740510e+00   1.0188950e+00
  -8.3381040e+00  -4.0519480e+00
  -8.1558600e-01  -3.3854840e+00
  -8.2174850e+00  -3.5403760e+00
   1.9558140e+00  -3.9558400e+00
  -7.8518260e+00  -4.0102940e+00
   1.2986479e+01  -1.4919950e+00
  -7.1771900e-01   8.5141290e+00
  -2.9313650e+00   1.0194290e+00
  -1.4303760e+00   2.2565370e+00
   6.0057600e+00  -1.8068450e+00
   4.8244720e+00   6.6736520e+00
   1.7660340e+00  -1.0175357e+01
  -7.4503400e-01  -4.3339080e+00
   5.9665050e+00  -7.3406300e-01
  -2.4409700e-01  -4.3569350e+00
   6.7564950e+00   3.3747730e+00
   2.5811810e+00   7.3791300e+00
  -2.9931700e+00  -1.1244100e-01
   9.4388300e-01  -1.0239845e+01
  -8.7704320e+00  -8.9468400e-01
  -5.7204520e+00   5.9068590e+00
   1.0292750e+00  -4.0689750e+00
  -3.7927720e+00  -9.4292550e+00
  -6.8906320e+00   5.5875770e+00
  -2.2497970e+00   1.3094640e+00
   1.6027690e+00  -4.4106210e+00
  -4.2900770e+00  -9.4287270e+00
  -8.8054020e+00  -2.6007000e+00
  -1.6388060e+00  -2.9534360e+00
  -8.9642630e+00   2.1354660e+00
   4.1907900e+00   7.3271260e+00
  -7.0453440e+00   4.8727220e+00
   1.1751180e+00  -4.5216210e+00
  -3.0927140e+00  -6.1776200e-01
   6.3807330e+00  -9.0235820e+00
  -5.3630830e+00   7.3404420e+00
  -1.7301600e+00  -2.9669740e+00
  -5.7096250e+00  -8.2962120e+00
   7.1498060e+00   1.7445830e+00
   4.4304150e+00  -3.5872520e+00
   1.1387760e+00   8.2116040e+00
   9.7291560e+00  -6.2921020e+00
   2.9110630e+00  -3.6663110e+00
  -3.3733060e+00   8.0405480e+00
  -2.7839630e+00   3.0278300e-01
   1.2733996e+01  -8.4642700e-01
   4.9089080e+00  -2.4043360e+00
  -2.7735720e+00  -1.7564620e+00
   1.2033934e+01  -2.5876290e+00
  -1.0835550e+00  -3.2074820e+00
  -9.0537970e+00  -2.0032380e+00
  -5.1194820e+00   6.6470550e+00
  -3.0422320e+00   4.3861800e-01
  -2.0006060e+00  -3.2106980e+00
  -6.6459410e+00  -7.1542990e+00
  -2.9921740e+00  -2.0598200e+00
  -3.3248910e+00  -9.5066160e+00
  -2.6974950e+00  -8.3633700e-01
  -2.3132810e+00  -9.6671620e+00
   2.8563530e+00   7.6039690e+00
  -1.2713460e+00   2.1137340e+00
  -9.1372370e+00  -3.0712750e+00
  -2.5376500e+00  -1.4205140e+00
  -2.0626660e+00   8.4995900e-01
  -5.1908330e+00   7.1243390e+00
  -6.3120200e+00  -7.3945870e+00
   6.1676070e+00   3.8609290e+00
   8.6589350e+00  -8.2996510e+00
   6.1878240e+00  -2.0910900e-01
   7.6559050e+00  -8.2312560e+00
  -2.5545750e+00  -9.5107600e-01
  -2.6844530e+00  -1.7559370e+00
   3.3613360e+00  -3.7558760e+00
   3.7250280e+00  -3.7039910e+00
  -9.0215390e+00  -2.2542300e-01
   1.6589660e+00   7.9625840e+00
  -3.8499850e+00   7.8774740e+00
   6.7935640e+00  -5.9303500e-01
   4.8114730e+00  -3.1432270e+00
  -8.8623810e+00  -2.4976110e+00
  -4.8652390e+00  -8.2715380e+00
   6.8441270e+00  -5.4307900e-01
   4.7042200e+00  -3.8996660e+00
  -5.2730630e+00  -8.4050560e+00
   4.5167940e+00  -3.7702660e+00
  -9.5545200e-01  -3.1840760e+00
  -8.8150010e+00   2.8440430e+00
   4.9023860e+00   6.3555570e+00
   1.1213290e+00  -4.1594620e+00
  -4.7375310e+00  -8.7106020e+00
  -3.0520680e+00  -4.6596900e-01
   6.6053100e-01   8.6956470e+00
   1.2578890e+00   8.2173420e+00
  -8.8333140e+00  -1.0791550e+00
   4.7848180e+00  -9.9872500e+00
   4.2413040e+00  -9.8592100e+00
  -9.0313200e-01   8.4034770e+00
   1.0151860e+00   8.3284990e+00
   5.7138090e+00   5.1826730e+00
   7.2036300e-01  -1.0792754e+01
   8.7294300e-01   8.5109960e+00
   6.9785950e+00  -3.9318600e-01
  -2.8353990e+00   1.0477190e+00
  -6.6654430e+00   5.1476240e+00
   6.9349520e+00   4.3386300e-01
   5.4476700e+00  -2.6231280e+00
  -5.5166620e+00   6.6419020e+00
  -2.6604760e+00  -3.0786600e-01
   5.2955420e+00  -9.4028310e+00
   4.2282260e+00  -1.0736047e+01
  -2.1424400e+00  -1.8565120e+00
  -8.5245710e+00   5.0114700e-01
  -8.2906460e+00   2.6613310e+00
   6.8762130e+00   5.6022500e-01
  -1.6793070e+00   1.9974770e+00
   8.0584800e+00  -8.8682900e+00
  -7.4043270e+00  -5.4586030e+00
  -7.6955000e-02  -3.9197850e+00
   1.1303842e+01  -5.7354620e+00
   1.2283271e+01  -1.2654790e+00
  -9.1709400e-01  -3.6948880e+00
  -8.6647740e+00   2.6886010e+00
  -2.4087460e+00   1.1152480e+00
   9.8372580e+00  -7.5910230e+00
   4.0939910e+00  -2.9181080e+00
   3.0008560e+00   7.6946230e+00
  -5.7248630e+00  -7.7880450e+00
   4.4894900e-01  -4.6779600e+00
   1.2013500e+00  -4.3018250e+00
   7.1173840e+00   7.3161600e-01
   6.9701090e+00  -5.0097500e-01
  -7.7516170e+00   5.1465870e+00
  -5.5523010e+00  -7.6063060e+00
   6.7273230e+00   1.0332970e+00
   2.3881230e+00  -3.8043480e+00
  -3.0915460e+00  -9.3482700e-01
  -8.0648370e+00  -3.2593340e+00
  -3.7676440e+00   7.7449200e+00
  -8.5107260e+00   2.8600600e+00
  -6.9650940e+00   5.3373620e+00
  -3.6559860e+00   7.9081700e+00
  -7.2298060e+00   5.3564100e+00
   6.6355830e+00  -2.9838300e-01
   1.4707320e+00  -3.8851970e+00
  -2.7541060e+00  -9.8250890e+00
   8.9272510e+00  -8.5833720e+00
   5.9199290e+00   5.2690030e+00
   6.0204410e+00   3.9587120e+00
  -4.6126630e+00  -8.6693460e+00
   7.1872000e+00   1.2836130e+00
   6.7441670e+00  -9.4500850e+00
  -1.7339800e-01  -4.3444200e+00
   2.4363400e-01  -4.2922210e+00
  -2.4023050e+00   1.5949240e+00
  -2.8332320e+00  -2.0264260e+00
  -5.5315200e+00   6.5348810e+00
   1.2688870e+00   8.4447110e+00
   2.4644800e+00  -1.0236328e+01
   4.0575940e+00   6.4506850e+00
  -3.1662820e+00  -6.9751000e-02
   7.4987320e+00  -8.3850790e+00
   5.0135800e+00  -1.0510258e+01
   5.9416480e+00  -2.5474200e+00
  -1.6224010e+00   1.5273360e+00
  -2.3284650e+00   3.6939900e-01
  -5.4061700e+00  -7.7378680e+00
   5.8980240e+00   4.8482350e+00
  -2.2248130e+00  -2.4664330e+00
  -1.9591490e+00   1.3903880e+00
   3.0743540e+00   7.1856990e+00
  -6.1224070e+00  -6.8860420e+00
   5.9744320e+00   4.1200620e+00
  -2.3984620e+00   1.9770480e+00
  -7.4178230e+00  -5.9455200e+00
   2.2837570e+00  -3.7993000e+00
  -4.7808280e+00  -7.8652140e+00
   4.1229740e+00   7.0507530e+00
  -7.5100430e+00   4.5588030e+00
   1.0145209e+01  -6.7562260e+00
   1.1794823e+01  -3.0031200e+00
  -3.8177110e+00   7.8143390e+00
   1.9310530e+00  -4.7478400e+00
  -1.5433050e+00   1.7732180e+00
  -4.7489040e+00   7.2257320e+00
  -7.5358380e+00  -5.8823420e+00
  -1.7747990e+00   1.7752570e+00
  -6.9576620e+00   5.0037720e+00
  -9.7041600e-01  -3.5325870e+00
  -2.3416540e+00  -2.2596300e+00
   4.3090000e+00   6.4683120e+00
   2.6051200e+00   7.9820770e+00
   2.9137890e+00  -4.0794170e+00
  -4.0984260e+00   7.3779370e+00
   4.0570080e+00   7.4230010e+00
  -4.1102140e+00  -8.6602680e+00
  -3.1432190e+00  -1.8160050e+00
  -1.5333050e+00  -9.7140070e+00
  -7.9550390e+00  -5.0181010e+00
  -5.5837800e-01   8.1242650e+00
   3.0073430e+00  -3.8520690e+00
  -8.2707760e+00  -3.6731210e+00
   4.6744740e+00   6.6927790e+00
   2.3372080e+00   7.7683270e+00
   2.0669040e+00  -4.5923530e+00
  -2.8828930e+00   7.6342500e-01
  -1.2598990e+00  -3.1066720e+00
   3.6256110e+00  -3.2235330e+00
   6.0925470e+00  -1.2546330e+00
  -2.6114060e+00  -2.1923960e+00
  -7.4423400e+00   4.2941590e+00
  -4.8476410e+00  -8.5038210e+00
   2.0897130e+00   8.2276120e+00
   4.3868930e+00  -3.5561600e+00
  -6.4317300e-01  -4.0807090e+00
   2.1619000e+00  -3.7069450e+00
  -6.8402100e-01  -3.4710870e+00
  -8.0106300e+00   2.5539190e+00
   8.0322570e+00  -7.9661730e+00
  -2.4072540e+00  -2.0087700e+00
  -9.4164900e+00  -1.4265290e+00
   1.2284922e+01  -2.8915840e+00
  -2.9559500e+00   2.4473500e-01
   3.6789960e+00  -3.3368060e+00
   2.8125280e+00   7.7593320e+00
   5.7473460e+00  -2.7015600e+00
  -6.6829980e+00   5.0408540e+00
  -1.1655140e+00  -3.2796340e+00
   5.8384860e+00   6.1739870e+00
   1.6265280e+00  -1.0825226e+01
  -8.5925070e+00   2.8478450e+00
  -2.7770120e+00   5.8302000e-01
   6.2839300e+00   3.1372120e+00
   3.9755380e+00  -1.0594895e+01
   6.1160970e+00   3.5792210e+00
  -8.0692300e-01  -3.8583590e+00
   5.4531950e+00   6.2246460e+00
  -2.6933370e+00  -5.1217500e-01
  -1.9346280e+00   1.2639890e+00
  -1.2053660e+00   2.5266970e+00
  -1.4917550e+00   2.2680470e+00
  -3.0582550e+00  -8.8863250e+00
  -4.7267280e+00  -8.3600870e+00
  -7.4093520e+00  -6.1332690e+00
   2.2155150e+00   8.4532850e+00
   5.1454610e+00  -3.3298340e+00
  -8.8949850e+00  -1.8602700e-01
   2.0113800e-01  -3.9754330e+00
   1.9108250e+00   7.6528030e+00
  -6.0072220e+00   6.8909640e+00
   1.0469476e+01  -5.4568860e+00
  -2.8769560e+00   9.8667700e-01
  -3.9440870e+00  -9.5288550e+00
   5.8856320e+00   4.0535380e+00
   4.6909940e+00  -3.8989070e+00
  -2.1526010e+00   6.7910300e-01
   6.5943170e+00   4.3220400e+00
   1.0700162e+01  -5.6459070e+00
   1.3073270e+00   7.8264550e+00
  -4.7757000e-01  -4.1113070e+00
   1.5458990e+00  -4.7447980e+00
  -1.9783270e+00   1.6456140e+00
   4.2069000e+00   7.2319330e+00
   3.4047490e+00  -4.1375030e+00
   6.9867450e+00  -5.7249900e-01
  -2.7077060e+00   1.1090990e+00
   1.2696830e+01   2.7374200e-01
  -6.0590820e+00   6.3288260e+00
   1.2692002e+01  -2.0292380e+00
   1.1068499e+01  -5.1078750e+00
   3.4618760e+00  -3.8004160e+00
  -2.5627590e+00   8.8721700e-01
  -2.9446710e+00  -1.1001460e+00
  -9.0802420e+00   1.8728440e+00
   4.7926880e+00  -3.5018610e+00
   2.6622940e+00  -4.7192290e+00
  -1.0259080e+00   2.5469250e+00
  -1.7675160e+00   7.9145060e+00
   6.6655360e+00   3.9630780e+00
   3.4657650e+00  -1.0497034e+01
  -7.1274430e+00  -5.8221210e+00
   1.1586865e+01  -4.3152710e+00
  -5.0567220e+00  -7.5866260e+00
  -7.5481410e+00  -5.7842110e+00
  -6.5484580e+00   5.7363040e+00
  -7.6243280e+00  -4.8507040e+00
   8.7855020e+00  -7.9080820e+00
   2.5376990e+00  -1.0063841e+01
  -4.3485740e+00   7.4626240e+00
  -7.7691720e+00  -4.7831120e+00
   1.5709620e+00  -4.5417220e+00
   1.7895190e+00   8.2383930e+00
  -2.4008880e+00  -2.4524860e+00
  -2.5445350e+00  -1.0209046e+01
  -1.1379950e+00  -1.0616039e+01
  -7.7449510e+00  -5.2621590e+00
  -2.8608380e+00  -1.6396730e+00
   2.7448410e+00   7.5317810e+00
   4.8501690e+00  -1.0279156e+01
  -1.0010840e+00   2.3649430e+00
   1.2863183e+01  -1.5541970e+00
   1.2206903e+01  -1.4595740e+00
  -9.1194620e+00  -3.0224920e+00
   2.7981820e+00  -4.1513980e+00
  -1.3890110e+00  -3.7376610e+00
   6.2273950e+00   3.3277330e+00
  -4.7388020e+00  -8.6716150e+00
  -2.4261590e+00  -1.0055645e+01
   3.2293350e+00  -1.0533556e+01
  -1.0989700e+00  -4.1883470e+00
   6.5314070e+00   1.5489340e+00
   3.7959670e+00  -3.5030290e+00
  -2.2295910e+00  -1.5470360e+00
  -2.9023380e+00  -9.7101810e+00
   1.7307820e+00  -4.4675280e+00
   5.7724440e+00  -9.7563690e+00
   6.2466120e+00  -9.2781590e+00
  -3.0675300e+00  -1.2667290e+00
  -2.9814370e+00   2.7670300e-01
   3.0313620e+00   7.0952580e+00
  -5.8992990e+00  -7.9103630e+00
  -4.3800640e+00   7.8399750e+00
   6.8186990e+00   3.9866090e+00
   6.6848960e+00  -6.7736000e-02
  -1.8930130e+00  -1.0036892e+01
  -1.9228510e+00   1.9240740e+00
   6.1584090e+00  -1.4358680e+00
  -4.7921700e-01  -1.0794899e+01
   8.7990270e+00  -7.9240990e+00
  -2.3175120e+00  -2.4391300e-01
   1.1984916e+01  -2.8581740e+00
   8.9130510e+00  -7.8688920e+00
   8.4894820e+00  -7.7619060e+00
  -8.6224360e+00  -1.9113210e+00
   2.0462720e+00  -4.0158740e+00
  -8.2970170e+00  -2.9780200e+00
   2.2801500e-01  -3.9612010e+00
   3.2595990e+00   7.5931310e+00
   7.1196270e+00   1.2081060e+00
   4.5437400e+00  -1.0160515e+01
   5.9423340e+00  -1.2638400e+00
  -8.1704810e+00  -3.2072830e+00
  -2.9379810e+00  -2.2167050e+00
  -1.0407740e+00  -2.9230380e+00
  -2.6792140e+00  -2.3063670e+00
  -7.6655410e+00   4.9228930e+00
  -1.2574220e+00  -3.1259400e+00
  -8.8988170e+00  -3.6693300e+00
  -2.8114170e+00   7.5170900e-01
  -2.8802230e+00   2.4011000e-02
  -1.9215970e+00  -1.0007060e+01
  -8.1058920e+00  -4.0930740e+00
   4.8746810e+00   5.9904390e+00
   6.6441240e+00   1.2902430e+00
   1.6684900e-01  -3.9709800e+00
  -3.2253050e+00  -6.6905900e-01
   1.2967934e+01  -1.6869200e-01
  -2.1455220e+00  -1.0003180e+01
   1.0622964e+01  -6.3637580e+00
  -9.1354470e+00  -2.3710230e+00
  -7.3580430e+00   4.3578970e+00
   1.0529404e+01  -6.6309340e+00
   4.4562370e+00   7.1885430e+00
   4.9302110e+00  -9.8879850e+00
  -3.3483720e+00   8.2277290e+00
  -7.0470260e+00   5.1692690e+00
  -1.0193050e+00   2.3070730e+00
  -4.0636440e+00  -8.7993700e+00
  -2.6843200e+00  -9.7419170e+00
   6.9330130e+00   1.9961820e+00
  -4.1842140e+00  -9.2419000e+00
   3.8111470e+00   7.2511690e+00
  -2.6394630e+00  -3.4809000e-01
  -7.8909600e+00   3.8835170e+00
   3.5845060e+00   7.7446940e+00
  -8.2938250e+00  -2.4807930e+00
  -8.5214820e+00   2.3391710e+00
  -7.4289370e+00  -5.3631580e+00
  -2.8477380e+00  -1.2122020e+00
   6.2505000e+00   5.1230470e+00
   6.5918960e+00   2.4827760e+00
   6.9010330e+00   4.2382800e-01
   1.2655512e+01  -2.2282490e+00
   9.5645200e-01  -4.1431670e+00
  -3.1528330e+00  -1.0010110e+00
  -9.0309070e+00  -2.9461190e+00
   3.1219080e+00   6.9659070e+00
   6.5089980e+00  -9.7498600e-01
   6.2610860e+00  -1.0991500e+00
   3.6095310e+00   7.3185070e+00
  -7.6152670e+00  -5.5392110e+00
   6.7770600e+00   3.3601600e-01
  -6.8641370e+00   5.7665960e+00
  -5.7387440e+00  -6.9814300e+00
  -2.3865270e+00   3.5507300e-01
  -1.4822620e+00   2.3695440e+00
  -1.7629210e+00   1.5502860e+00
  -3.1981900e+00  -1.1816800e-01
   6.3832720e+00  -1.0517800e+00
   3.1895840e+00  -4.2148330e+00
   9.9781540e+00  -5.9557430e+00
  -2.3764830e+00  -2.0861130e+00
  -3.5702620e+00   7.5821500e+00
   1.7115610e+00  -4.0087910e+00
   2.2881260e+00  -3.8156310e+00
  -2.2727530e+00  -2.2756080e+00
  -7.0317890e+00   5.1039640e+00
  -1.0754690e+00   8.8788890e+00
   2.2965670e+00  -3.9115640e+00
  -1.7503070e+00  -2.4732820e+00
  -8.3585570e+00   3.2101100e+00
  -1.6295170e+00   8.1247910e+00
  -2.1839200e+00  -9.9338280e+00
   2.5626770e+00   7.9410940e+00
   7.1902900e-01  -1.0952358e+01
  -4.3278440e+00  -9.5020350e+00
  -4.5570430e+00   7.4302560e+00
   2.6262530e+00  -4.1332890e+00
  -1.0533940e+00   1.8558440e+00
  -9.3875070e+00  -1.6746400e+00
   1.8127890e+00   7.8459360e+00
  -7.7474470e+00   5.2410980e+00
  -3.7364090e+00  -8.7744620e+00
  -7.3061530e+00   5.5175080e+00
  -7.5531120e+00  -6.3974450e+00
   3.4338040e+00   7.0424230e+00
  -8.1478400e-01   7.9919980e+00
   3.4403000e+00   7.3319900e+00
  -1.1570440e+00  -3.7845820e+00
   1.2713100e-01  -4.2304320e+00
  -5.7830680e+00  -7.6047780e+00
  -2.2248360e+00  -2.8389200e+00
  -7.3242000e-01   8.7222010e+00
   4.9761970e+00  -3.3134930e+00
  -1.7279190e+00  -2.2912610e+00
  -8.6076010e+00  -2.5777300e-01
  -6.3243800e-01  -3.3328230e+00
  -1.3334220e+00   2.0355770e+00
  -2.7392820e+00   1.0508010e+00
   1.2626992e+01  -6.5646000e-02
   5.0584240e+00  -9.4333460e+00
  -6.1783510e+00   5.9322850e+00
   9.7178700e-01   8.1421110e+00
  -3.5190580e+00   7.2160100e+00
   5.8339330e+00   4.6932890e+00
  -2.9313110e+00  -1.9491560e+00
   5.5129090e+00  -2.4643040e+00
  -2.3540570e+00  -2.0857070e+00
   6.5139130e+00   2.2043150e+00
  -5.2398300e-01  -3.9710040e+00
  -1.4828440e+00   1.6903830e+00
  -6.9423700e-01  -1.0823689e+01
  -5.8451260e+00   6.2092280e+00
  -2.2195900e-01  -3.6391070e+00
  -8.3232890e+00  -4.1960270e+00
   1.2581142e+01  -3.5557470e+00
  -7.5333250e+00   4.6259910e+00
   1.2671403e+01  -2.3994680e+00
   5.8075820e+00  -2.9262670e+00
  -2.0251640e+00   2.2726700e+00
  -2.5323100e-01  -1.0319588e+01
  -1.9935970e+00  -2.9021880e+00
   7.0127700e-01  -3.9966030e+00
   1.2928944e+01  -2.0706330e+00
   4.2706010e+00  -3.3625970e+00
  -5.7981640e+00   6.1734590e+00
  -1.8294050e+00   1.2373700e+00
   1.2996053e+01  -1.2111280e+00
  -5.8826970e+00   6.3187690e+00
  -2.7989380e+00  -1.0974790e+00
   6.8467890e+00  -9.1153880e+00
  -8.3384810e+00   3.7864870e+00
  -2.4963810e+00  -7.2189200e-01
   6.5242410e+00  -9.4479160e+00
   4.6682330e+00  -3.4713990e+00
   3.1040730e+00   7.5631130e+00
  -6.1916710e+00   5.8946290e+00
  -2.2989930e+00   1.0362580e+00
   5.7351940e+00   5.2179330e+00
   6.7237650e+00  -2.1771000e-02
   3.3041000e-02   8.2997020e+00
   3.7422430e+00   7.2271400e+00
  -8.8906470e+00   1.3168930e+00
  -5.0569740e+00   6.8466620e+00
  -5.8330900e+00   5.8347950e+00
   6.6283140e+00   1.2248150e+00
   8.8573600e-01   8.0413740e+00
  -5.5200570e+00  -8.0950750e+00
  -2.2869170e+00   1.2286490e+00
   4.9179090e+00   5.7250450e+00
   4.9884990e+00   5.7357710e+00
  -8.2645090e+00  -3.6103890e+00
  -8.1170440e+00  -4.6830200e+00
  -8.7797680e+00  -1.9299840e+00
   7.2431860e+00   1.9016580e+00
   1.1423152e+01  -4.7440860e+00
  -7.9381210e+00   3.1373450e+00
   4.9126840e+00  -1.0566968e+01
  -5.5533900e-01  -3.9946300e+00
  -2.3609980e+00  -2.8198020e+00
   7.5099500e+00  -8.9221720e+00
  -2.0584360e+00  -1.0058754e+01
  -1.7878300e+00  -3.2600140e+00
   1.2645738e+01  -1.1932450e+00
   7.9555440e+00  -8.9134280e+00
   6.6077150e+00  -1.1703010e+00
  -4.0997970e+00   7.2969260e+00
   3.0788910e+00  -4.1678790e+00
   1.2699046e+01  -2.7173020e+00
  -7.0470000e-01  -3.1286850e+00
  -3.1810100e+00  -8.9352130e+00
  -2.5194030e+00  -1.6407990e+00
   1.0161357e+01  -6.1836300e+00
  -2.5221460e+00  -6.9660500e-01
  -3.3698930e+00  -9.2112530e+00
  -8.7162000e-01  -3.8233280e+00
  -1.0318620e+00   2.3458980e+00
   3.0051380e+00   7.6574600e+00
   4.3047960e+00  -3.6142730e+00
  -8.5373680e+00   8.1997700e-01
   7.4690340e+00  -8.9257040e+00
   6.4492970e+00   3.8544820e+00
   1.1679833e+01  -4.2070750e+00
   1.3121950e+01  -3.7839700e-01
  -5.5532190e+00   7.2747980e+00
  -1.7882640e+00  -3.2753790e+00
  -8.4708020e+00  -3.8784340e+00
   5.2871030e+00   5.2314490e+00
  -6.9740920e+00  -5.8233270e+00
   6.6588510e+00   2.5549800e-01
   1.0071647e+01  -6.9972700e+00
   1.2786178e+01  -1.7668170e+00
   6.9989180e+00   1.9424600e-01
   2.7925950e+00  -1.0466600e+01
   1.2546298e+01   6.1056000e-02
   9.1568410e+00  -7.7161400e+00
   5.7461750e+00  -2.1539030e+00
  -1.8622760e+00  -1.0207876e+01
  -7.4297440e+00  -6.3359300e+00
   1.0536500e-01   8.3443110e+00
  -1.0535040e+00  -2.7928740e+00
   6.5047170e+00  -1.3096270e+00
   1.9612310e+00  -1.0212203e+01
  -2.2052550e+00  -1.8687470e+00
   6.5465590e+00   4.3401480e+00
   1.1792230e+00  -1.0430732e+01
  -1.9237250e+00   8.5451520e+00
  -3.2603800e-01  -4.3413830e+00
  -7.7017100e+00   4.4112230e+00
  -8.8311900e-01  -3.0353920e+00
  -5.8805030e+00  -7.9916240e+00
   3.5395340e+00   7.1059840e+00
   6.4068240e+00  -9.2606510e+00
   3.8672120e+00   7.4290340e+00
  -1.4436040e+00   1.7716370e+00
  -7.4750870e+00  -5.0685210e+00
   1.2393487e+01  -1.4722650e+00
   6.5651850e+00   2.7696290e+00
   3.9163150e+00   7.2351460e+00
  -7.8815940e+00  -4.4479220e+00
  -2.1239000e+00   8.3157130e+00
  -2.5830900e+00  -1.1170610e+00
  -2.1474260e+00  -2.7842520e+00
   1.2506788e+01  -2.5112800e-01
   1.3009596e+01   4.6309500e-01
   1.1347139e+01  -4.3085570e+00
   5.8977090e+00  -9.5383290e+00
   1.3874930e+00   8.6731980e+00
  -6.2654360e+00   6.5061450e+00
  -6.0157350e+00  -7.4981810e+00
  -1.6280940e+00  -2.6978180e+00
  -5.6956370e+00   7.3793710e+00
   5.3873000e-01  -3.8305670e+00
  -2.7976530e+00   3.6758200e-01
   9.7718000e-02   8.0019980e+00
  -2.1526310e+00  -9.4402450e+00
  -2.1478520e+00   1.7375800e+00
  -6.8978990e+00   6.0560370e+00
  -2.6656940e+00  -3.9958900e-01
  -6.9779700e+00  -7.0119990e+00
   1.1275857e+01  -4.8005850e+00
   3.1423280e+00  -4.5965360e+00
  -2.5266330e+00   8.9827100e-01
  -9.5414000e-02   8.8279720e+00
  -2.0529100e+00  -9.8734730e+00
   1.6909270e+00  -4.2298560e+00
   2.0567700e-01   8.3195400e+00
   1.1092452e+01  -4.3494520e+00
  -2.6658100e-01   7.9874940e+00
   7.3818200e-01  -3.9709390e+00
  -9.1776180e+00  -2.4249400e-01
  -2.0463610e+00   9.8992600e-01
  -3.1853490e+00   7.9274690e+00
  -4.6771650e+00   7.0565020e+00
  -7.7091020e+00   4.0624930e+00
  -8.9526180e+00   1.6648810e+00
   5.0379260e+00  -1.0533933e+01
  -1.3710800e+00  -3.1181390e+00
  -1.9450160e+00   1.9599520e+00
   5.0600540e+00  -9.8014570e+00
   6.4447930e+00   3.9740580e+00
  -2.9695200e+00  -6.4256000e-01
   1.1653460e+00  -4.2784970e+00
  -8.0436850e+00   4.0510690e+00
   9.2934940e+00  -7.5805580e+00
  -7.8346440e+00  -5.6076140e+00
  -4.8425970e+00  -8.9745270e+00
   6.2917630e+00  -1.4691270e+00
  -9.1401790e+00   1.3377540e+00
   6.9684660e+00  -9.0537620e+00
   1.2206219e+01  -2.8217510e+00
   9.7678070e+00  -6.9557530e+00
   2.7500810e+00  -3.8677690e+00
  -1.9788060e+00  -1.0115858e+01
  -3.0570810e+00  -3.2541000e-01
   5.2845870e+00  -2.7857120e+00
  -5.7974880e+00  -7.9566400e+00
  -8.5515360e+00  -1.5284350e+00
  -7.9893070e+00   3.6482320e+00
  -4.0653230e+00   7.2780010e+00
   6.9580210e+00   1.4521800e-01
   1.3297760e+00  -4.3484890e+00
   6.5002620e+00   2.4379010e+00
  -4.8394650e+00   6.9701150e+00
  -5.1511470e+00  -8.6077270e+00
  -5.1318870e+00  -9.0287210e+00
  -2.6972550e+00   8.2831150e+00
  -8.9085530e+00   1.4109300e-01
  -2.0308230e+00   1.4585460e+00
  -6.5981510e+00  -6.3378840e+00
  -3.2979970e+00  -9.5850450e+00
  -1.5345440e+00   1.7413000e+00
  -8.6252390e+00  -2.9634120e+00
  -4.1349820e+00  -9.0210920e+00
   6.6971550e+00   1.4654100e-01
  -2.3113290e+00   9.2046700e-01
   4.6989170e+00  -3.5435830e+00
  -1.5082510e+00  -3.3259030e+00
  -5.6405580e+00  -8.6468460e+00
  -2.1823550e+00  -2.7705020e+00
   5.1570240e+00  -9.5971190e+00
  -5.6452300e+00   6.4819860e+00
   5.1355200e+00  -9.3494110e+00
   6.0582510e+00   4.2447200e+00
  -8.2259220e+00   1.9631170e+00
  -6.1971240e+00   6.0764470e+00
   6.5946000e+00   2.4128580e+00
  -2.3311960e+00   1.4036400e+00
   2.9738290e+00  -4.1420750e+00
  -2.3891740e+00   4.8898000e-02
   1.3141290e+01  -5.8957900e-01
  -2.0243900e+00  -1.9067030e+00
   1.3928460e+00  -4.6344460e+00
   1.2047810e+00  -4.6348050e+00
   1.4255520e+00   7.7042350e+00
   1.2681648e+01  -3.0347200e+00
  -1.3283910e+00   1.7104570e+00
   4.8753360e+00  -3.1418260e+00
  -2.5669270e+00   2.7888200e-01
   7.2194440e+00  -8.9714660e+00
   5.8316770e+00  -2.1217800e+00
   2.8292080e+00   7.0686130e+00
  -1.5426830e+00  -1.0595447e+01
   1.2342629e+01  -1.0492360e+00
   3.1365120e+00  -9.9320160e+00
   4.6305920e+00   6.5793910e+00
  -2.9821670e+00   5.2491300e-01
  -9.1134990e+00  -2.2110510e+00
  -1.5496020e+00  -1.0507317e+01
   6.7948080e+00   1.1492170e+00
  -3.0169670e+00  -6.7935500e-01
  -2.5421410e+00   1.3241570e+00
   3.7108520e+00   7.6307210e+00
  -2.2981310e+00  -9.5306720e+00
  -8.7070880e+00  -2.6808430e+00
  -2.5464490e+00   1.5617290e+00
   6.6625750e+00   4.5148730e+00
  -5.6996480e+00   6.2751570e+00
  -8.4676500e-01  -1.0209948e+01
  -6.2197840e+00  -8.1315980e+00
   4.4083600e+00  -3.0093690e+00
  -2.2445830e+00  -1.8395680e+00
  -8.2015440e+00   3.2165610e+00
  -7.8222530e+00   4.6783910e+00
   6.1654170e+00   3.5026610e+00
  -3.1696100e+00  -9.2111450e+00
   2.0736110e+00  -4.2249650e+00
   3.5706890e+00  -3.6342420e+00
  -8.3995460e+00   3.9388880e+00
  -3.1547380e+00   2.6422800e-01
  -2.9388420e+00  -7.6722600e-01
   9.7368350e+00  -7.1710680e+00
   3.0486530e+00  -1.0032292e+01
  -5.3997170e+00  -7.7591360e+00
   6.4706430e+00  -1.6447980e+00
  -1.7161790e+00   1.8637250e+00
  -1.1377380e+00  -3.6928750e+00
   1.2054882e+01  -2.9901870e+00
   5.0495840e+00   6.0238110e+00
  -4.1121830e+00   7.4802370e+00
   1.1142622e+01  -5.4375540e+00
  -1.3652300e-01  -4.2520450e+00
  -1.8124610e+00  -3.3295510e+00
   9.8697000e-02  -4.0726530e+00
   4.3893550e+00  -3.6811890e+00
   3.3521000e-02  -3.9714270e+00
   6.5065160e+00   1.3512590e+00
   4.8309490e+00  -2.5204890e+00
   1.2736434e+01  -9.3057200e-01
   4.5527280e+00  -3.0553720e+00
   2.1777100e+00  -4.2665940e+00
   2.4373210e+00  -1.0366136e+01
  -5.1132210e+00  -8.2492540e+00
   1.3024813e+01  -1.4101000e-02
   1.2770903e+01  -7.1485600e-01
   1.3256320e+00  -4.6958160e+00
   1.1524601e+01  -3.6926510e+00
  -3.2563510e+00  -1.0853380e+00
   5.5253730e+00  -1.7336630e+00
   6.0275540e+00   4.4492160e+00
   7.8207200e-01  -3.8095470e+00
   6.5484790e+00   4.2296920e+00
   2.9672760e+00   7.5741870e+00
   4.6444140e+00  -3.1822040e+00
  -2.4892110e+00  -1.5641570e+00
  -3.1472280e+00   7.7760950e+00
  -4.9838270e+00   6.7002720e+00
   5.9568730e+00   4.7884880e+00
  -4.2132860e+00   7.2440670e+00
   4.7837540e+00   6.0448410e+00
  -1.6831760e+00   1.7739890e+00
  -2.5461370e+00  -1.9766320e+00
  -8.5080930e+00  -2.8670450e+00
   4.8006600e-01  -4.1391040e+00
   3.8376920e+00  -1.0193393e+01
   3.4141870e+00  -4.2275450e+00
  -9.0292100e-01  -3.3109680e+00
   5.1215410e+00  -1.8846320e+00
  -8.6540420e+00  -2.7583050e+00
  -4.6248540e+00  -9.1603130e+00
  -2.3079050e+00   1.3735660e+00
  -5.7672260e+00   6.0364270e+00
   1.1295911e+01  -4.9447590e+00
   4.7288180e+00   5.5273510e+00
   6.9758870e+00   6.6360100e-01
  -7.8224930e+00   4.0923980e+00
   6.5628820e+00   1.7063000e-01
  -2.6638890e+00   8.5808180e+00
  -2.4485380e+00   1.3064020e+00
  -2.6382290e+00   7.8867500e-01
  -6.6835360e+00  -6.0986690e+00
   6.5157360e+00   4.0136880e+00
  -7.9454400e-01  -3.8390640e+00
   6.5960890e+00  -1.6542010e+00
  -8.0955490e+00  -5.4820060e+00
   6.6238450e+00  -1.5667710e+00
   2.8816200e+00  -1.0587622e+01
   4.7810610e+00  -9.5784960e+00
  -2.5312030e+00  -7.8837300e-01
  -5.8388800e+00   6.0765090e+00
  -6.1208910e+00  -7.8809500e+00
  -7.1443050e+00  -5.1804110e+00
   4.2720410e+00   6.2780430e+00
  -5.6442600e+00   6.6846420e+00
  -9.0406190e+00  -6.1587400e-01
   2.8946440e+00   7.2568480e+00
  -1.6415480e+00  -1.0523102e+01
  -4.5645900e+00  -8.5357570e+00
   1.8747850e+00  -4.0306040e+00
  -2.7882180e+00  -1.5040070e+00
  -1.9087500e-01  -1.0583578e+01
  -2.3096970e+00   7.8091450e+00
  -6.2668720e+00   6.1439940e+00
  -6.9956770e+00  -5.7251210e+00
  -6.1152490e+00   6.3390450e+00
  -5.1818590e+00  -8.1575020e+00
  -2.7192030e+00  -7.7280200e-01
  -1.0889600e-01  -1.0019927e+01
   4.8594770e+00   5.5922270e+00
   1.0912036e+01  -5.2173720e+00
   4.6537310e+00  -2.8788240e+00
  -5.6133240e+00  -8.3543490e+00
   1.3312158e+01  -1.1569410e+00
  -8.7005580e+00  -5.3454000e-02
   6.6180950e+00   4.7599730e+00
  -9.0972220e+00   1.3504520e+00
  -4.9601600e+00   6.6787400e+00
  -1.4001480e+00   2.0495750e+00
  -8.1426270e+00  -5.4272330e+00
   1.5464990e+00  -4.3177060e+00
  -2.8391700e-01  -4.0971190e+00
  -2.8328510e+00  -1.6953120e+00
  -1.8243030e+00  -3.0255440e+00
   5.0502620e+00   5.8260160e+00
  -2.3880120e+00  -1.4415850e+00
  -5.5456830e+00   6.0779200e+00
   8.4529500e-01  -4.5854090e+00
  -2.7876150e+00  -1.0821470e+00
  -1.3008760e+00  -3.3662830e+00
  -2.8281780e+00   9.3402000e-02
   1.0537819e+01  -6.7604010e+00
  -2.0079690e+00   5.4327700e-01
  -5.8086460e+00  -8.0881310e+00
  -4.9500900e-01  -1.0216419e+01
  -2.4643290e+00  -2.5615400e+00
  -2.9515800e-01  -1.0112588e+01
   6.0605240e+00  -2.4122600e+00
   4.9570030e+00  -9.6002070e+00
  -1.6972300e-01   8.8198050e+00
   6.3502050e+00   2.9495660e+00
  -8.6307080e+00  -8.8427900e-01
   2.9280460e+00  -1.0674867e+01
   2.9568780e+00  -1.0320913e+01
   5.2740100e-01  -4.1807530e+00
  -2.1850590e+00   2.0506600e+00
  -2.3513100e+00  -1.5426370e+00
  -2.6990650e+00  -1.5231070e+00
   7.3143590e+00   8.5353100e-01
  -8.6752320e+00  -4.0450750e+00
  -2.2210760e+00  -2.0328420e+00
   6.1869780e+00  -9.6337030e+00
   6.8510760e+00   4.4828400e-01
  -1.7688610e+00   8.3522690e+00
   7.3307050e+00   1.3671800e+00
   6.1463120e+00   4.0046640e+00
  -1.7506090e+00  -2.7018700e+00
  -2.3643850e+00  -2.2904560e+00
  -4.5100800e+00   8.0561930e+00
   4.4105410e+00   6.3293800e+00
  -9.2079180e+00   1.4072530e+00
  -3.2712870e+00  -9.4353360e+00
   1.2474200e-01  -1.0937213e+01
   1.6607700e+00   8.0326330e+00
  -6.7188090e+00  -6.3060760e+00
   6.5092400e+00  -9.3332120e+00
  -8.1986430e+00   3.5904590e+00
   6.0171940e+00   5.4194520e+00
  -8.7255130e+00   3.5180490e+00
  -8.6146400e+00   3.1545400e+00
  -3.3841000e-01   8.3423160e+00
   3.3294960e+00   7.0381590e+00
  -7.8815080e+00   4.2887100e+00
  -4.2631600e-01   8.3859220e+00
  -9.1436610e+00  -3.1104600e-01
  -3.6830980e+00   7.6004540e+00
  -5.9170220e+00  -8.1519660e+00
  -2.0524160e+00   6.4383500e-01
   4.8534670e+00  -1.0306090e+01
  -3.2146400e+00  -9.5274390e+00
  -2.7009990e+00   5.0469700e-01
  -1.1109190e+00  -3.5041720e+00
  -7.1534160e+00  -7.1774950e+00
   2.8244280e+00   7.6157000e+00
   2.7431360e+00  -1.0038598e+01
   1.5646420e+00  -1.0808154e+01
  -2.9294960e+00  -1.3963780e+00
   6.8168800e+00   6.5295600e-01
   2.3253980e+00  -1.0682885e+01
  -1.0874320e+00   1.4899730e+00
  -2.2242670e+00   3.4437300e-01
  -7.4972430e+00   4.0420170e+00
   1.2127210e+00  -4.0393730e+00
   6.1633680e+00  -2.2635020e+00
  -9.2272120e+00   4.0334700e-01
   5.0321820e+00  -2.2866890e+00
  -8.3374210e+00  -4.1172260e+00
   1.1672775e+01  -4.5978220e+00
  -8.7599080e+00  -3.6397120e+00
   1.7111120e+00  -4.6770570e+00
   1.4166250e+00  -3.8506010e+00
  -3.1694170e+00  -1.1146860e+00
  -1.1241370e+00   2.4061820e+00
  -6.1282100e+00  -7.3982890e+00
   1.2636492e+01  -1.3672070e+00
  -2.1726080e+00  -1.7671710e+00
  -9.6262000e-02  -1.0502651e+01
   5.7124690e+00  -1.5632210e+00
  -2.6075190e+00  -1.1655500e-01
  -5.3577990e+00   6.9489960e+00
   6.3452160e+00   4.2143410e+00
   6.7396710e+00   2.1461250e+00
   4.0479990e+00   6.2376820e+00
   2.0767100e+00  -4.5694400e+00
  -1.8949700e+00   8.8186660e+00
   7.3353030e+00   1.7706920e+00
   2.7186470e+00   7.8338930e+00
  -1.6460280e+00   2.1820390e+00
  -2.4005030e+00  -2.2714960e+00
  -3.0396460e+00  -3.4382500e-01
  -1.2585510e+00  -3.7423390e+00
   6.4491610e+00  -1.1374770e+00
  -8.0196120e+00  -4.5796870e+00
  -1.9100230e+00   1.3745120e+00
   6.4093960e+00  -3.7767600e-01
   7.4053000e-01  -1.0242160e+01
  -6.5276330e+00  -7.2214430e+00
  -2.3804800e+00  -7.0478700e-01
   8.8085960e+00  -8.2108160e+00
   1.0847841e+01  -4.4839370e+00
  -1.6449040e+00   1.0945270e+00
  -2.3803400e+00  -1.9512510e+00
   4.6540660e+00   6.4945610e+00
  -1.4822990e+00   2.3108070e+00
  -2.9672800e+00  -9.5030830e+00
   1.6100460e+00   7.7704470e+00
  -8.8080240e+00   6.6460100e-01
  -1.2630100e+00   2.2904160e+00
  -7.5153330e+00   5.4528630e+00
  -2.7035490e+00   1.4772850e+00
   6.6404940e+00  -1.1384590e+00
  -8.6893920e+00   2.1186470e+00
  -2.3078250e+00  -2.9257620e+00
  -8.6713930e+00   5.1861100e-01
   6.8031770e+00   3.3901540e+00
   3.5941530e+00  -3.4700940e+00
   1.2626060e+00   8.4850130e+00
  -6.7897560e+00   5.2094200e+00
  -5.7466700e+00   7.1759580e+00
   6.1776180e+00  -2.0317820e+00
  -2.5547370e+00  -9.7390070e+00
  -8.7967890e+00  -1.2108230e+00
   2.1210460e+00  -1.0774604e+01
  -2.0188730e+00   8.4914230e+00
  -1.1162960e+00   1.8250510e+00
  -2.1815910e+00   8.6785150e+00
  -8.7344540e+00   2.3760800e+00
   3.4458590e+00  -3.9718540e+00
   1.2479070e+01  -3.6259190e+00
  -2.7088840e+00  -9.9788450e+00
   6.4994250e+00   1.8692700e+00
  -2.4916680e+00  -1.7126680e+00
  -8.9137950e+00  -7.1063300e-01
   2.7975960e+00   7.3357500e+00
   6.8310770e+00   2.1333100e+00
  -2.2402560e+00  -2.7506610e+00
   2.8620610e+00  -1.0700578e+01
  -7.2323170e+00   4.4300030e+00
   6.4974610e+00   3.8541410e+00
   9.6023680e+00  -7.2239870e+00
  -5.7799230e+00   6.6567730e+00
  -2.5281180e+00  -9.8922100e-01
   7.3272500e-01  -4.7343830e+00
   5.9759320e+00  -1.2831310e+00
  -9.2410060e+00   1.8398800e-01
  -9.2774490e+00  -2.0292670e+00
  -2.1171820e+00  -2.7253620e+00
  -4.0733090e+00   7.0292690e+00
  -9.2465540e+00   8.8055700e-01
  -1.9191540e+00  -3.2202450e+00
   3.1832020e+00  -1.0236688e+01
  -1.9021260e+00   1.4191720e+00
   1.4995780e+00  -4.3805780e+00
   1.1399210e+01  -5.1754270e+00
   7.0517000e-02  -4.1289480e+00
   5.5624250e+00  -9.9626060e+00
  -2.0948720e+00   1.7370630e+00
  -2.7224420e+00   8.5614090e+00
   1.8577170e+00  -4.2686020e+00
   8.4609100e-01   8.6261310e+00
  -2.5527170e+00  -2.0502300e-01
   1.0701716e+01  -5.2482420e+00
  -2.0394440e+00  -2.4083930e+00
   8.6848430e+00  -8.4389720e+00
  -2.8874620e+00  -1.0130981e+01
   5.5761850e+00   4.8155570e+00
  -3.1396200e+00   7.7043410e+00
  -2.6486200e+00  -9.7445440e+00
  -9.2136920e+00  -1.4678040e+00
   4.8787130e+00   5.9878720e+00
  -5.1418600e-01  -3.9983070e+00
  -2.6229190e+00  -1.3340030e+00
  -6.2923730e+00   5.7476640e+00
   2.5273410e+00  -3.7223170e+00
  -9.3327880e+00  -6.8622100e-01
  -2.7084910e+00  -9.1406440e+00
  -2.7017080e+00  -9.9352230e+00
  -8.8142550e+00  -2.0570360e+00
  -6.0907130e+00   6.2351240e+00
   4.9542700e+00  -9.5751440e+00
  -3.9273300e-01   8.1890480e+00
   5.0486400e-01  -4.0578210e+00
  -5.1560170e+00  -8.4020540e+00
   7.2478440e+00   2.1312420e+00
  -1.5507530e+00   1.8257450e+00
  -8.3737310e+00  -2.2996810e+00
   2.4682090e+00  -1.0318662e+01
  -2.4717220e+00   2.0165000e-01
   1.1877269e+01  -4.2693540e+00
  -2.2802880e+00  -1.0034140e+00
   4.7261700e+00  -3.1930150e+00
   3.9580660e+00  -1.0186313e+01
   5.6561110e+00   5.2876410e+00
  -2.6489320e+00  -2.3114330e+00
  -1.6060420e+00  -2.1755890e+00
   5.7951900e+00  -2.2776650e+00
   6.6541840e+00   1.9708180e+00
   3.6276130e+00  -3.7477300e+00
   2.3487640e+00  -4.1880040e+00
  -8.6372110e+00  -1.5057800e-01
   2.7400000e-01  -4.1959380e+00
  -7.3556380e+00   4.4869180e+00
   1.0408204e+01  -6.0636060e+00
  -9.2846670e+00   1.3607550e+00
   5.1838460e+00  -9.6978160e+00
   5.7935420e+00   4.6209800e+00
  -1.7901440e+00  -9.5197680e+00
  -1.2737380e+00  -3.9056850e+00
  -2.3769390e+00  -3.4847400e-01
  -2.4343700e-01  -4.3052610e+00
  -8.6187620e+00  -2.0067770e+00
  -3.2321790e+00   8.1155110e+00
   5.3753490e+00   5.4892570e+00
   3.2095760e+00   7.1810780e+00
   1.1278633e+01  -4.9595660e+00
   6.1669400e-01   8.6999270e+00
  -8.6912490e+00   6.7047500e-01
   2.6088050e+00   7.2305990e+00
  -5.6272310e+00  -8.6685760e+00
   1.1744788e+01  -3.3845410e+00
  -6.1571200e-01  -3.8549420e+00
   6.2282740e+00   3.8017500e-01
   4.1940360e+00  -3.2530190e+00
   6.4640520e+00   2.3948280e+00
   6.8793580e+00  -9.0559950e+00
   2.9106730e+00   7.2541340e+00
  -1.7542970e+00   2.0206500e+00
   6.6591090e+00   4.1000740e+00
  -6.9423660e+00  -6.3418890e+00
  -2.7506430e+00  -9.7905970e+00
  -2.3706870e+00   1.3412120e+00
  -1.5769470e+00   1.4246870e+00
   7.0029440e+00  -3.9543300e-01
  -6.1604670e+00   6.4578190e+00
  -7.6006250e+00  -5.9949200e+00
  -4.8455000e-01  -3.8590610e+00
   1.5521440e+00  -4.6834300e+00
  -6.7560240e+00   6.2660340e+00
   1.2232890e+00  -4.0548190e+00
  -2.6772340e+00   8.2609600e-01
  -2.1021000e+00  -3.1163550e+00
  -8.8025080e+00  -3.3351140e+00
  -8.3379760e+00  -3.3644920e+00
  -7.6200390e+00   4.2841110e+00
  -1.4604330e+00   1.4776520e+00
  -2.2996350e+00  -2.3493050e+00
   6.2675760e+00   2.9857940e+00
   3.4145790e+00   7.1527460e+00
  -7.6854470e+00  -5.2056510e+00
   6.7908210e+00   1.0640410e+00
  -6.4067160e+00   5.9975980e+00
   6.1086330e+00  -1.2604180e+00
  -4.6064860e+00   7.3651470e+00
   2.7603710e+00  -4.3480250e+00
   5.7477600e-01   7.9418670e+00
   6.9532150e+00  -9.7074030e+00
  -8.6274700e-01   8.1039760e+00
   8.2235490e+00  -8.3044050e+00
   3.2812920e+00   7.1652050e+00
  -1.3890700e+00  -3.2919370e+00
  -4.4934710e+00   7.3857340e+00
   5.4168480e+00   4.9405050e+00
  -7.7101470e+00   4.1877700e+00
   4.7947030e+00   5.9749580e+00
  -1.6441110e+00  -3.0348870e+00
   1.0779512e+01  -5.7999850e+00
  -1.5061840e+00   2.0201200e+00
   2.1484660e+00   8.1856810e+00
  -8.8161300e+00   2.5817610e+00
   1.4541750e+00  -3.9371930e+00
  -8.9059690e+00  -3.4025590e+00
  -2.2799800e+00  -1.0214680e+00
  -2.6720650e+00  -9.0739200e-01
  -2.1957730e+00   8.6165160e+00
  -2.3760990e+00   1.2017540e+00
   1.2518120e+00   8.3649030e+00
   3.9406310e+00  -1.0233167e+01