  -1.6743540e+00   8.3173680e+00
   2.3486220e+00   8.1213850e+00
   4.4484810e+00   6.5108270e+00
  -5.3068580e+00  -7.9895030e+00
   3.4284540e+00  -3.8959460e+00
  -5.4142310e+00  -8.0662180e+00
   3.6808440e+00  -3.6973320e+00
   1.3004990e+00   8.5156540e+00
  -5.0464120e+00   6.9145080e+00
   5.7844300e-01  -1.0634699e+01
   1.1226454e+01  -4.3417500e+00
   6.4624180e+00   3.7742540e+00
  -7.9994840e+00   4.4889920e+00
   5.2252430e+00   5.5212100e+00
  -1.3352990e+00   1.9709430e+00
  -8.2811650e+00   2.0835890e+00
  -5.6541910e+00  -7.4714340e+00
  -6.9059360e+00  -6.3283370e+00
   2.6728000e-01  -3.7640200e+00
   6.5236660e+00   3.6095610e+00
  -5.5106140e+00   6.0841500e+00
  -6.8215190e+00  -7.2315900e+00
  -2.2756100e+00  -2.3764500e+00
   6.5350280e+00   4.4127680e+00
  -6.7717290e+00   5.3739270e+00
   1.3654630e+00   8.0817680e+00
  -1.8940360e+00   1.4292870e+00
   4.8313460e+00  -9.5820330e+00
  -2.5711600e+00  -3.4221700e-01
  -8.0472560e+00   2.3046190e+00
  -7.0207200e+00  -5.6655130e+00
  -2.2930180e+00   1.8026050e+00
  -6.2150000e-03  -3.8068790e+00
  -6.2982330e+00  -7.3575960e+00
  -8.1849210e+00   3.2636570e+00
  -1.1091990e+00   2.2357930e+00
  -8.6159050e+00  -3.8215560e+00
  -9.0231580e+00   1.2110410e+00
  -2.5410640e+00   8.2564600e-01
   5.3170310e+00  -2.6144940e+00
  -2.7509480e+00   7.7026180e+00
  -4.1495000e-01  -9.8507980e+00
   9.7923900e-01  -3.9287080e+00
  -6.2594000e-01   8.8963920e+00
  -8.7527880e+00  -3.0894360e+00
   6.5863710e+00   8.1709500e-01
   3.7963310e+00   6.8683170e+00
  -1.5423800e-01  -3.9333390e+00
   2.2732400e-01  -1.0593966e+01
  -9.3654020e+00  -1.3240170e+00
  -8.9159510e+00  -4.7329500e-01
   5.2694590e+00  -1.9758690e+00
  -1.0692020e+00   2.5490620e+00
   2.8412900e+00   7.2142320e+00
  -1.3032000e+00   2.2674440e+00
  -1.1358800e+00   8.0895710e+00
   5.7772310e+00  -2.1536320e+00
  -2.7692390e+00  -1.8304030e+00
  -8.4818180e+00  -3.2041540e+00
   3.9545740e+00  -1.0635634e+01
  -8.5427990e+00   3.6024090e+00
   2.7769590e+00  -1.0313494e+01
  -5.0188290e+00  -7.7846030e+00
  -1.6228210e+00  -2.4293540e+00
  -6.8106800e+00  -6.1226340e+00
   6.5791460e+00  -4.9277700e-01
   1.7731600e+00  -1.0475921e+01
   8.8017400e+00  -7.6001320e+00
   1.9661920e+00  -1.0909903e+01
  -4.6229520e+00  -8.8100670e+00
  -1.2945600e+00  -9.6909170e+00
   1.0222800e-01  -4.5241140e+00
   5.9867180e+00  -9.6594400e+00
   6.0702340e+00  -1.9037640e+00
   6.4250010e+00   2.6899990e+00
   1.1137050e+00  -1.0413211e+01
  -8.9942980e+00   1.5590620e+00
  -9.8268400e-01  -3.6573850e+00
   6.4349030e+00   1.6148430e+00
   3.8324860e+00  -3.8178690e+00
   5.5695600e+00  -2.1570950e+00
  -6.0528490e+00   6.0312100e+00
   4.0951500e-01  -4.2423570e+00
   1.2823314e+01  -2.5137220e+00
  -7.4011190e+00   4.0923570e+00
   2.5391100e-01   8.0125710e+00
   5.9068910e+00  -9.6166500e-01
   3.1515100e+00  -4.4858190e+00
  -4.3941390e+00  -8.7607840e+00
  -7.1943990e+00   5.1930990e+00
  -1.4109580e+00  -3.3470050e+00
  -2.0477100e-01  -4.4623540e+00
  -1.3715800e-01  -3.5454530e+00
  -8.7165160e+00   5.7289800e-01
   5.7171320e+00  -9.4028810e+00
   6.6810420e+00   4.2965050e+00
  -1.1207200e+00   2.0922680e+00
  -8.8168520e+00   2.4802800e+00
   6.0496500e+00   5.0947300e+00
  -1.7117900e-01  -4.4851140e+00
   4.4808100e-01   8.7822320e+00
   5.1216140e+00   5.8870300e+00
   3.0425420e+00  -1.0268650e+01
   6.4280300e+00   3.2085260e+00
   7.0120800e+00   8.8887300e-01
  -2.0851530e+00  -1.0416546e+01
   1.0249810e+00   7.6870780e+00
   1.4804290e+00   8.4074720e+00
  -2.6460370e+00   1.6336130e+00
   1.3491000e+00  -1.0177333e+01
   2.1465150e+00   7.9016940e+00
   3.4903450e+00   7.1322750e+00
  -8.8963890e+00   1.4220540e+00
  -1.1052620e+00  -9.8337080e+00
   7.0718260e+00   2.1982850e+00
   1.4565430e+00  -1.0227691e+01
   7.6167400e-01  -1.0852122e+01
   5.4261300e+00  -2.4822010e+00
  -2.4881430e+00  -1.0716060e+00
  -8.8644610e+00   1.2000950e+00
  -4.5942660e+00   6.6860000e+00
  -1.5108570e+00  -1.0556949e+01
  -5.7256920e+00  -7.8851900e+00
   6.7701230e+00   3.4118950e+00
  -2.5149100e+00  -9.7688130e+00
  -7.8266250e+00  -4.6662530e+00
   1.0990000e-03  -4.1949910e+00
   3.0962030e+00  -9.9972520e+00
   6.6538030e+00   2.5300570e+00
  -8.4261460e+00   3.2587670e+00
  -5.6293150e+00   6.3740230e+00
   2.9896300e+00  -4.3937440e+00
  -2.9706860e+00   8.0432800e-01
   4.3165000e-01  -3.7605150e+00
   6.9863020e+00  -7.7673500e-01
  -5.5650500e-01   8.0174880e+00
  -9.4773300e-01  -1.0626521e+01
   4.6914800e+00  -2.8044410e+00
  -1.9239890e+00  -2.4593250e+00
   6.4912600e+00   1.0198330e+00
   4.9136370e+00  -2.4189240e+00
   1.0773610e+00  -4.3690220e+00
  -4.5172180e+00  -8.8700630e+00
  -6.6262850e+00   5.4395710e+00
  -1.9770710e+00   8.0236540e+00
   3.9513540e+00   6.7645250e+00
  -3.6823020e+00  -8.8337650e+00
   3.7467830e+00   7.5826830e+00
  -1.9843540e+00  -2.6993490e+00
  -7.7754470e+00   2.9203500e+00
   5.1961560e+00  -2.1437780e+00
   6.3201230e+00   5.4772800e-01
  -6.1502360e+00   6.9861980e+00
  -7.5421460e+00   4.4810230e+00
   6.6246860e+00   1.0354710e+00
   6.0877460e+00  -8.4942800e-01
   6.8656510e+00  -9.6681980e+00
  -5.3365130e+00  -8.5106200e+00
   1.3453310e+01   7.8644000e-02
  -7.1711900e-01  -3.7952740e+00
  -8.4519360e+00  -3.8265460e+00
  -3.6875460e+00   7.6500430e+00
  -7.6514120e+00  -5.9377900e+00
   6.5940460e+00   3.6503540e+00
  -2.7112400e-01  -3.7291070e+00
  -2.4406300e+00  -3.3371700e-01
   2.3509030e+00   7.7026750e+00
  -2.8241220e+00  -1.4863250e+00
   1.0385878e+01  -6.5175060e+00
  -8.6665610e+00  -4.0978560e+00
   1.3269176e+01   1.2382600e-01
  -8.7206520e+00   2.1281570e+00
   1.9755560e+00  -4.1903360e+00
   3.4893700e+00   7.8163850e+00
  -2.7475720e+00  -5.7689000e-01
   2.8529100e-01   8.7381200e+00
  -2.2942460e+00   4.7196200e-01
  -7.5548100e-01  -1.0419262e+01
  -8.1830310e+00   2.3817330e+00
   6.5586330e+00   2.9181740e+00
  -8.9686900e+00   9.4753100e-01
  -1.8040580e+00   1.1728550e+00
  -5.6681790e+00  -7.5666740e+00
  -7.7356610e+00  -5.0046200e+00
   1.2303590e+01  -3.5388930e+00
   6.5466190e+00  -1.2829310e+00
   6.6687210e+00   8.1453100e-01
   3.3856870e+00  -1.0082358e+01
  -1.0911580e+00   2.5333360e+00
   3.4942820e+00  -1.0038257e+01
   5.4389670e+00   6.4563820e+00
   6.7705640e+00  -1.2110540e+00
   5.9340730e+00  -2.6501450e+00
   1.4603450e+00  -1.0076677e+01
   5.9541080e+00   3.5921760e+00
   6.0786550e+00  -8.0787300e-01
  -1.4837920e+00   2.5656860e+00
  -8.5345740e+00  -3.4514480e+00
  -7.6245590e+00  -5.3951700e+00
  -6.4821880e+00  -7.3304300e+00
  -1.7131130e+00   1.2010010e+00
  -6.2166360e+00   5.9754590e+00
   1.3551400e-01   8.5305190e+00
  -6.6557170e+00  -5.9007380e+00
   5.7462380e+00  -1.3081460e+00
  -6.3350300e-01   8.3185470e+00
   6.0487440e+00   4.0457450e+00
  -1.9836930e+00   9.9775700e-01
  -7.5985450e+00  -4.9074610e+00
   9.5819430e+00  -7.5442880e+00
   3.0750100e-01  -4.2691160e+00
   7.2622170e+00   6.8473900e-01
  -2.7934540e+00  -1.4472710e+00
   1.0767378e+01  -5.8018500e+00
   1.2108301e+01  -2.3256610e+00
   3.8198940e+00   6.9006430e+00
   4.2667090e+00  -1.0687913e+01
   2.2693320e+00  -1.0142175e+01
  -2.4123240e+00  -1.0038119e+01
   5.8102900e+00  -1.9438920e+00
   9.1093650e+00  -7.3897660e+00
  -7.0542250e+00  -6.8266630e+00
  -8.7886680e+00   8.4935400e-01
   5.6436600e+00  -1.2089300e+00
  -2.4562030e+00  -1.8514690e+00
   6.0904100e-01  -1.0068040e+01
   1.3253560e+00  -4.2891640e+00
  -2.3726700e+00  -8.7621300e-01
   3.6099880e+00  -3.6534840e+00
   7.6541830e+00  -9.3174190e+00
  -2.8693830e+00   8.1998650e+00
  -2.8928430e+00   8.0507140e+00
   1.0406024e+01  -5.3544640e+00
  -3.1283570e+00  -1.0094090e+00
   6.6371330e+00  -1.8816780e+00
   1.0829240e+00  -4.4641840e+00
  -1.4385260e+00   2.5508530e+00
  -9.0640900e-01  -3.6310600e+00
   3.6424010e+00  -1.0378191e+01
  -1.3973500e+00   1.5797930e+00
  -1.8499670e+00  -2.7855060e+00
   3.7857150e+00  -4.1154460e+00
  -2.0449710e+00   1.8782440e+00
  -2.8392170e+00   4.4396000e-01
  -2.1704910e+00   1.5597120e+00
  -1.0354560e+00  -3.8473070e+00
  -2.8830920e+00  -2.6568800e-01
   1.7042480e+00   7.5662690e+00
  -2.5638110e+00  -1.0186212e+01
  -7.6407550e+00  -5.0308960e+00
   7.1678550e+00  -9.3006800e+00
   5.3013480e+00  -2.2050160e+00
   5.7114690e+00   4.0877490e+00
  -4.9879540e+00   6.9469960e+00
  -5.8102230e+00   6.1796450e+00
   6.3013300e+00  -1.9148250e+00
  -7.2964910e+00   4.0915610e+00
  -8.9156070e+00  -2.8985390e+00
   5.0403400e+00  -9.6016930e+00
  -1.6064120e+00   2.0469540e+00
  -6.3320770e+00   5.4160110e+00
  -2.0330530e+00  -2.3813890e+00
   9.8726070e+00  -6.7045940e+00
   9.6776400e-01   7.9544000e+00
   1.0108170e+00  -1.0060686e+01
  -8.9919210e+00  -2.3326390e+00
  -4.2394390e+00  -9.0303330e+00
  -2.7741710e+00   4.6357900e-01
  -1.0586140e+00   1.8655430e+00
  -4.6765400e+00   7.5411230e+00
  -5.2303200e+00  -7.9818150e+00
   1.2634696e+01  -2.3538440e+00
  -9.3965080e+00   5.5874300e-01
  -1.8536620e+00   8.0032290e+00
   6.5320080e+00   3.6698080e+00
  -1.5038040e+00   2.0752270e+00
  -9.3401580e+00  -1.5673440e+00
   1.2657465e+01  -1.9904550e+00
   1.6264390e+00   7.7922980e+00
  -7.0459670e+00  -5.5115940e+00
   1.1252466e+01  -6.0862380e+00
  -2.5501510e+00  -3.7704000e-01
  -6.3445080e+00  -6.2846010e+00
   5.7764270e+00  -1.5312920e+00
   6.5388640e+00   4.8797900e-01
   2.2615050e+00  -4.6061720e+00
  -2.9844880e+00   3.2460300e-01
  -7.8229590e+00  -4.3705800e+00
  -3.9840150e+00   7.0816170e+00
   1.3809770e+00  -4.1664110e+00
  -9.3543500e-01  -9.7642030e+00
   1.6971030e+00   8.0529960e+00
   1.0708630e+00   7.9503200e+00
  -1.4146490e+00  -1.0070468e+01
   6.4723280e+00  -1.6582800e-01
  -2.5003720e+00  -2.7020770e+00
  -9.0642540e+00   1.8859030e+00
   1.1657145e+01  -5.0111970e+00
   3.8236100e-01  -4.6902710e+00
  -2.3253300e-01   8.6929730e+00
   1.2559200e-01  -4.4215440e+00
  -6.9816230e+00   6.0467660e+00
  -2.4510120e+00  -2.6786950e+00
   6.6895270e+00   3.4053140e+00
   2.8651460e+00  -4.0976320e+00
  -1.6242980e+00  -9.8053330e+00
  -6.4431070e+00   6.2880520e+00
   7.4560000e-02  -1.0450091e+01
   5.6716650e+00  -2.3825760e+00
   6.4945190e+00   2.3489610e+00
  -8.6978360e+00  -1.3949090e+00
   1.2475317e+01  -1.6563650e+00
   6.5108040e+00  -1.2028840e+00
  -4.4433950e+00   7.2656460e+00
  -6.9774300e-01  -3.2892400e+00
  -8.1759560e+00  -4.6440030e+00
   4.6389080e+00  -3.8658950e+00
  -8.9317940e+00  -1.5214200e-01
   6.3733350e+00   2.5185600e+00
   6.2586000e+00  -4.6178300e-01
  -3.2946480e+00  -9.8445060e+00
   5.3652800e+00  -2.7824240e+00
   2.7551000e-02  -4.2360430e+00
  -8.0365100e-01  -3.6207730e+00
  -3.9153310e+00  -8.9283460e+00
  -1.8492220e+00   1.4484400e+00
   1.1851658e+01  -4.0047460e+00
   2.6136200e-01   7.9928460e+00
  -2.5616240e+00   9.6391000e-02
  -2.4134580e+00  -1.8284400e+00
   5.9457160e+00  -1.6943170e+00
  -2.4530190e+00   1.5004240e+00
  -2.2997920e+00  -2.6039810e+00
  -2.0097810e+00  -3.0840850e+00
  -2.1337280e+00  -2.2611600e+00
  -7.9431130e+00   4.1164640e+00
  -2.2158080e+00  -3.0708380e+00
   1.8069730e+00   8.4796690e+00
   7.8999700e-01  -1.0100778e+01
   6.3754110e+00   2.1953450e+00
  -8.7525440e+00   1.8753410e+00
   4.9619500e+00  -2.3790280e+00
  -1.4360130e+00  -2.7199830e+00
  -8.3898830e+00   9.3431800e-01
   3.6235160e+00   7.1309250e+00
  -7.5685310e+00  -5.9788420e+00
   2.7590030e+00  -3.9928290e+00
  -5.6532040e+00  -8.2796650e+00
  -1.7936610e+00  -1.0009415e+01
   3.1244090e+00  -3.8585850e+00
   2.1778120e+00  -4.1517640e+00
   8.9600110e+00  -7.4522750e+00
   5.8516650e+00  -9.9917450e+00
  -1.3443970e+00   8.0561350e+00
  -8.4875100e+00  -4.2240960e+00
  -1.6838020e+00  -3.1442950e+00
  -6.5590830e+00   5.8466940e+00
  -8.1931550e+00  -2.6644410e+00
   3.3240080e+00  -1.0648568e+01
   9.8203720e+00  -6.7561170e+00
  -1.7006200e+00   1.7488220e+00
   6.8537610e+00   3.0226290e+00
  -7.7599950e+00   3.3768960e+00
   5.5564550e+00  -9.2198750e+00
  -1.3489540e+00   2.4854410e+00
  -2.5977880e+00  -2.0880170e+00
   7.1644360e+00  -9.1289870e+00
   5.0695370e+00   6.2082950e+00
   5.8423880e+00  -7.4371500e-01
  -9.2010400e-01  -4.0462270e+00
   5.1476160e+00  -9.8575600e+00
  -3.3881120e+00  -9.5692690e+00
  -1.1962330e+00   1.7913490e+00
   7.1923150e+00   2.8115300e-01
  -3.1178230e+00  -1.4074100e-01
  -8.6550120e+00  -2.5032240e+00
  -2.4699670e+00  -1.0059650e+01
   1.4464550e+00  -4.4620110e+00
  -1.8268000e-01  -4.2498010e+00
  -2.0809760e+00   1.1770220e+00
   1.1219989e+01  -4.1655150e+00
  -4.5823460e+00   7.3083190e+00
  -3.2296220e+00   7.8434720e+00
   1.2584852e+01  -3.5755340e+00
  -6.6733910e+00  -6.4879370e+00
   4.2364950e+00   6.3688430e+00
  -8.8921230e+00  -1.2305910e+00
  -7.2806020e+00   4.0179640e+00
  -2.5142780e+00  -2.0607000e-02
  -1.9959180e+00  -3.0347600e+00
   6.5847400e+00   3.5765190e+00
   2.3020850e+00  -4.1561640e+00
   8.7930700e-01  -4.4067040e+00
   9.3674930e+00  -7.9386640e+00
  -8.4882280e+00  -5.3440800e-01
   4.5125250e+00  -3.1098870e+00
   6.9244840e+00   3.5090650e+00
   9.5364600e-01  -4.4647790e+00
   7.0095760e+00   2.6996930e+00
   1.1819874e+01  -4.2414100e+00
   2.7547870e+00  -1.0559516e+01
   3.1095090e+00  -4.3690700e+00
  -2.9695770e+00  -1.5847610e+00
   6.3104160e+00   4.9260000e+00
  -2.3714380e+00  -1.0798060e+00
  -2.4270470e+00  -3.0024850e+00
   8.2802130e+00  -8.1794860e+00
  -2.5278200e-01  -3.5227670e+00
  -2.3095650e+00   8.1768730e+00
  -2.0397520e+00   1.5695280e+00
  -1.2413240e+00   8.5355260e+00
   4.4991510e+00  -2.7857880e+00
   1.7153350e+00  -4.5586360e+00
  -6.0650060e+00   5.7589470e+00
  -8.4455620e+00   1.2869900e-01
  -2.1884900e+00  -2.1684040e+00
  -6.9719610e+00  -7.3151140e+00
  -1.5393460e+00   2.2342920e+00
  -2.8032980e+00  -9.8056160e+00
   4.3359210e+00   7.1186590e+00
  -2.2916080e+00  -1.0265480e+00
  -2.8252170e+00  -3.3577700e-01
  -4.3092090e+00  -9.2016520e+00
   9.2941960e+00  -7.8657080e+00
  -2.7771940e+00   2.1830200e-01
  -2.9452840e+00   1.1233720e+00
   4.5826930e+00  -1.0476497e+01
  -2.4502570e+00   1.1750640e+00
   3.3226220e+00  -1.0455570e+01
  -1.4650000e-03  -3.7153340e+00
   6.5620710e+00   2.6326300e-01
  -2.2062890e+00  -1.3747340e+00
   1.7724460e+00  -1.0666040e+01
  -1.9470680e+00   2.0598680e+00
   6.7245420e+00   2.3699010e+00
  -2.2860650e+00  -2.3320440e+00
  -2.4076480e+00  -2.4818410e+00
  -9.2135330e+00  -2.5342200e-01
  -2.5345110e+00  -2.6840900e-01
   6.9064850e+00   2.4057000e+00
  -2.8207300e+00  -9.6049200e-01
   6.1896720e+00  -1.4160410e+00
  -6.7457590e+00  -6.3758380e+00
   4.5231040e+00  -3.3311680e+00
   5.1218550e+00   5.3966390e+00
   5.0589610e+00  -3.6049860e+00
  -2.3824920e+00  -6.0457000e-01
  -1.5076090e+00  -3.0293490e+00
   6.8683660e+00   1.6020120e+00
  -7.6543790e+00  -6.3061380e+00
  -4.9576190e+00   6.8523360e+00
   1.7519980e+00   7.9976050e+00
  -8.7808730e+00  -2.9519560e+00
   8.3530770e+00  -8.4157520e+00
   9.8195740e+00  -6.5580510e+00
  -5.3839010e+00   6.8127540e+00
   4.2560490e+00   6.2561220e+00
  -5.3747810e+00  -8.7407900e+00
   7.3378710e+00  -9.1194750e+00
   7.2850520e+00  -8.6103070e+00
   4.6119510e+00  -3.6496130e+00
   4.4343100e+00   6.8244510e+00
   4.4780340e+00  -9.8090700e+00
   2.7188780e+00   7.7724370e+00
  -1.7351830e+00   1.0917820e+00
  -8.4454270e+00   3.0275940e+00
  -8.1485480e+00   3.3043290e+00
   5.8362600e+00  -9.4073680e+00
   6.0755210e+00  -1.0559650e+00
   1.9359830e+00  -4.6647560e+00
  -1.5650800e+00   8.1916680e+00
   6.1191480e+00   3.7996310e+00
  -1.6679380e+00  -2.7685980e+00
  -8.0852160e+00  -4.8032480e+00
   6.4609190e+00  -1.1027010e+00
  -2.0598820e+00  -2.4920010e+00
   6.6431160e+00  -3.4667100e-01
  -1.3622800e+00  -2.8322510e+00
   6.5835900e+00   2.5937330e+00
  -2.2913980e+00   8.3584500e-01
  -8.5697470e+00  -4.0249190e+00
   6.2019940e+00  -1.5916970e+00
   3.0170030e+00   7.7242080e+00
  -8.3312720e+00  -3.9759310e+00
  -3.1444580e+00  -1.1442710e+00
  -8.6762060e+00  -2.9201890e+00
  -5.8457900e-01  -1.0778704e+01
  -8.5074000e+00  -2.3129440e+00
   3.7355600e+00  -3.5106860e+00
  -5.0933710e+00   6.5337990e+00
   6.8076240e+00   1.2644600e-01
  -3.7082230e+00  -8.7981270e+00
  -7.6073870e+00  -5.7596320e+00
   8.9808880e+00  -7.3257840e+00
  -6.5555100e-01  -3.8289260e+00
  -8.1912300e+00   2.3388720e+00
   3.4502330e+00  -1.0414382e+01
  -8.9583590e+00   2.0203870e+00
   5.9343710e+00  -1.9593230e+00
  -8.1503650e+00   2.9243500e+00
  -8.7826820e+00   5.1228800e-01
   8.9557000e-02  -1.0390613e+01
   7.0339420e+00  -9.0528720e+00
   3.7578970e+00  -3.2461830e+00
  -8.2749780e+00   3.2501500e+00
   8.3157800e+00  -8.4924360e+00
  -1.1124720e+00  -3.0423590e+00
  -6.5649060e+00   5.1676800e+00
  -2.5504310e+00  -2.3988590e+00
   1.5613740e+00  -1.0417954e+01
  -1.8160010e+00  -9.6010100e+00
   3.2221280e+00   7.9635660e+00
  -7.2188440e+00   5.5263040e+00
  -3.1672230e+00  -9.1601800e-01
   5.7574160e+00  -1.7895490e+00
  -2.1397430e+00   8.3722260e+00
  -1.4025040e+00   1.5101150e+00
  -1.7662040e+00   2.2349100e+00
  -1.3868110e+00  -3.5087130e+00
  -1.3610170e+00   1.3651920e+00
  -1.7114590e+00   1.7192860e+00
  -1.2814780e+00   8.1784980e+00
   4.5973080e+00  -3.9705430e+00
  -1.2592360e+00  -2.5918040e+00
   5.4810160e+00  -1.8598550e+00
   3.2608110e+00   7.3415710e+00
   5.4365980e+00  -2.4735560e+00
  -5.3938760e+00  -8.2031190e+00
  -3.8188610e+00   7.6877890e+00
  -6.5930160e+00  -6.9467390e+00
   5.6774300e+00  -9.4490950e+00
  -1.9273120e+00  -2.7149450e+00
   5.5094990e+00  -2.1221240e+00
   8.0935700e-01  -1.0311840e+01
  -3.0633880e+00   8.5770150e+00
   4.5866840e+00   6.0928910e+00
   6.6660330e+00   2.7144450e+00
  -2.8395080e+00   5.4755500e-01
  -4.7364590e+00   7.1244930e+00
  -1.8481320e+00   8.1992540e+00
   6.8134090e+00   3.1580700e-01
   6.8903650e+00   3.4713880e+00
  -4.0835550e+00  -8.7790730e+00
  -1.8885780e+00   1.5374850e+00
   3.9349420e+00   6.8314230e+00
   5.1715600e+00  -9.7578610e+00
  -1.7656320e+00  -2.5980760e+00
  -1.3729340e+00   2.1413160e+00
   4.9833710e+00  -2.2428590e+00
  -1.3088810e+00  -3.8767120e+00
   8.4809540e+00  -8.3963880e+00
   1.1463996e+01  -3.8553400e+00
  -3.0152690e+00   2.7813000e-02
   3.2055470e+00   7.4326240e+00
  -7.8105610e+00   3.5121300e+00
  -3.2339810e+00  -3.5881600e-01
  -7.3373940e+00   5.2963150e+00
  -7.7052710e+00  -4.6048430e+00
   1.0487400e-01  -4.0095180e+00
  -2.9877600e-01  -1.0858477e+01
   5.2227900e-01  -4.6120450e+00
  -2.6084280e+00   4.7483400e-01
  -4.4904560e+00   7.2587110e+00
   2.4373900e+00  -1.0666021e+01
  -1.3202470e+00   2.1543900e+00
  -1.1371730e+00  -3.0382420e+00
   3.0266080e+00   7.7341730e+00
   8.3134810e+00  -8.4670500e+00
   7.2240740e+00   2.2584490e+00
   1.2207286e+01  -3.2932110e+00
   4.8794420e+00   5.6626770e+00
   6.8759750e+00   1.8740290e+00
  -3.4865600e-01  -3.5567450e+00
  -2.3701500e+00  -8.3105600e-01
   6.3225750e+00  -3.9500000e-01
   1.1165993e+01  -5.1948500e+00
  -2.1818230e+00   7.7036820e+00
   1.1579101e+01  -4.4551600e+00
   5.1197890e+00  -3.1169950e+00
  -4.6935110e+00   6.5599130e+00
   6.7595620e+00   4.5738890e+00
  -9.0235680e+00   2.5870500e-01
  -2.9286050e+00  -1.2892700e+00
  -3.1206810e+00  -9.3640560e+00
   8.4034070e+00  -8.3437400e+00
  -3.0161280e+00  -9.9549000e-02
   6.7518450e+00  -1.1641600e-01
   1.2926971e+01  -1.9473830e+00
   1.4847610e+00   8.4623160e+00
   2.2550150e+00   8.0458910e+00
   1.2161671e+01  -1.7719280e+00
  -1.4078600e-01   8.1034940e+00
  -3.4044140e+00   7.4957910e+00
  -1.1965750e+00   2.7375490e+00
  -3.0109890e+00  -9.6441200e+00
  -4.0203060e+00   7.6794120e+00
  -9.0856390e+00  -2.7974390e+00
  -9.0619750e+00  -2.0499480e+00
   6.2219750e+00  -1.3685490e+00
   5.5429170e+00  -9.7206280e+00
  -4.3059150e+00  -8.3914830e+00
   3.4768720e+00   7.2113280e+00
  -6.5405700e+00   6.0962200e+00
  -5.7184790e+00   5.9794490e+00
   4.5111180e+00  -9.8662710e+00
  -8.4519160e+00  -3.9051570e+00
  -8.9495620e+00  -1.7624850e+00
  -2.5793200e+00  -1.6600620e+00
   6.7778750e+00   4.1855440e+00
   7.0049190e+00   1.0808150e+00
   1.8231490e+00  -3.7887550e+00
  -2.9563330e+00  -1.1690940e+00
  -2.3803000e-02  -4.1596610e+00
  -1.0566270e+00  -3.7801100e+00
   3.0526770e+00  -4.0122820e+00
  -4.1024770e+00   7.1115070e+00
  -5.3408030e+00  -8.0979380e+00
  -7.9732780e+00   4.2261490e+00
   2.5438430e+00  -4.0616100e+00
   1.3852520e+00  -4.5453170e+00
  -3.4691530e+00   7.8740700e+00
  -2.1638960e+00   8.9758200e-01
  -2.6056470e+00  -7.2020000e-03
   6.0192840e+00   4.3167240e+00
  -1.1548610e+00  -9.9514750e+00
   1.2686197e+01  -1.8256770e+00
  -7.9944400e-01  -3.1171540e+00
  -8.8400130e+00   3.3803000e-01
  -9.0318560e+00  -1.4927590e+00
  -1.5590180e+00  -2.7585040e+00
   4.9917020e+00   5.9358220e+00
   3.0589220e+00  -1.0483636e+01
   6.1060750e+00   4.9480950e+00
   4.9443060e+00   6.3801430e+00
  -2.4153580e+00   1.1072840e+00
  -2.3416660e+00   1.1815360e+00
   3.5929710e+00   6.9833550e+00
   5.2994460e+00  -2.4306830e+00
  -4.0576190e+00   6.9851120e+00
  -5.3319390e+00   6.7090380e+00
   2.8464270e+00  -4.3950120e+00
   1.4677330e+00  -4.3989710e+00
   1.2927105e+01  -2.1313190e+00
  -3.8889600e-01   8.6852900e+00
   5.5207980e+00   6.3058130e+00
   6.4042140e+00  -9.4447900e+00
   6.8961170e+00   2.6601750e+00
  -3.0166230e+00   4.7624500e-01
  -1.9685330e+00   1.4201150e+00
   1.0773259e+01  -5.8089370e+00
   6.3826380e+00   2.1435430e+00
  -2.6885920e+00  -2.2595050e+00
   4.1623660e+00  -3.8325930e+00
  -8.7931200e+00   1.3920890e+00
   2.9324540e+00  -4.4792960e+00
   7.1763450e+00   1.6290380e+00
  -9.0478500e-01  -3.3088030e+00
   2.3669420e+00  -1.0638052e+01
   2.5573490e+00  -4.4952510e+00
  -2.0454520e+00   1.9317370e+00
   1.9088600e-01   8.3227700e+00
   2.1514150e+00  -4.7048790e+00
  -2.6742030e+00  -1.2141800e+00
   1.6023930e+00   7.8206540e+00
  -1.9647800e+00   8.0515630e+00
  -2.8085320e+00  -8.0734400e-01
   6.1184870e+00  -2.0722130e+00
   3.1028510e+00  -3.8882810e+00
   5.3691930e+00   5.7233780e+00
  -2.5684120e+00   8.6613800e-01
  -4.2961060e+00   7.8633160e+00
   5.8275740e+00  -1.5073210e+00
   2.3730010e+00   7.8985960e+00
  -1.5160290e+00   1.6614230e+00
   1.1127893e+01  -4.9192140e+00
  -5.1990400e+00   6.7156740e+00
   6.5595020e+00   3.9711350e+00
  -2.4663860e+00  -1.2323430e+00
  -2.2294010e+00   8.8351900e-01
   6.8022990e+00   3.7697680e+00
   1.1978309e+01  -3.6509090e+00
  -6.1237920e+00   6.1206860e+00
  -7.2780480e+00   4.2337130e+00
  -2.5039660e+00  -9.6754470e+00
  -7.8752270e+00  -4.2129910e+00
  -1.7437230e+00  -2.9589060e+00
   5.5075450e+00  -2.1099550e+00
  -1.2342630e+00   2.1507770e+00
  -1.7634260e+00  -2.9259110e+00
  -2.4975840e+00  -1.5534030e+00
  -3.6370870e+00  -8.8681170e+00
  -2.0959470e+00  -1.8011620e+00
  -1.1581560e+00  -1.0255513e+01
   7.5480800e-01  -1.0169936e+01
  -8.6666790e+00   1.1035830e+00
  -8.7001230e+00   2.7268940e+00
   6.8930010e+00   1.1838100e+00
  -1.4484960e+00  -9.7649510e+00
   6.1720660e+00   4.2015800e+00
  -2.1383060e+00  -1.9713210e+00
   5.9977650e+00   3.3952180e+00
   7.0124000e+00   2.3460230e+00
   1.2307725e+01  -3.0047520e+00
   6.4037210e+00   4.4507620e+00
   1.1508257e+01  -3.4897770e+00
  -8.1251870e+00  -5.6835560e+00
  -3.1413400e+00   8.5003750e+00
  -7.4488290e+00  -6.2302660e+00
   8.1073690e+00  -8.1742160e+00
   4.7807880e+00  -3.6770580e+00
   8.7492100e-01  -3.9391400e+00
   6.1493950e+00  -6.2386800e-01
  -7.4410720e+00   3.7658510e+00
  -7.2017270e+00  -5.6201740e+00
  -8.6998670e+00   1.8419170e+00
   3.9128030e+00  -3.6769100e+00
  -2.8956760e+00   7.6427230e+00
  -2.8303610e+00  -4.1396000e-01
  -9.2633890e+00   1.0374570e+00
   6.5524860e+00   3.1512180e+00
  -2.3966610e+00  -1.1638120e+00
  -3.1467400e+00  -4.7404300e-01
   6.2932460e+00  -1.6330700e-01
  -8.7646640e+00   3.0556350e+00
  -1.8712800e-01  -4.0697500e+00
  -6.4680010e+00  -7.1294750e+00
   5.9919850e+00   4.1253010e+00
  -8.4794260e+00  -2.8423180e+00
  -4.9851170e+00  -7.7671390e+00
   6.7894660e+00   1.3251880e+00
  -9.0516960e+00  -7.0049200e-01
   2.4187430e+00   7.2227960e+00
   5.8834400e+00   4.8117540e+00
  -9.0436730e+00  -1.8507990e+00
   2.3514800e+00  -1.0465103e+01
  -3.9836350e+00  -9.2450470e+00
   6.2185590e+00  -1.8468880e+00
   6.1451490e+00   3.0571150e+00
   4.1410430e+00   6.5026700e+00
   1.8772600e-01  -1.0130285e+01
   4.7192260e+00  -2.8165490e+00
   6.1595650e+00   4.6254890e+00
   1.0269962e+01  -6.2889490e+00
   5.7190180e+00  -2.0139140e+00
  -1.2981870e+00   1.7982910e+00
   6.1998360e+00  -1.8554800e+00
  -2.4154810e+00  -2.9529810e+00
  -5.2150900e-01  -3.9369610e+00
  -1.8348380e+00   2.5247780e+00
  -8.4302360e+00   2.8651930e+00
  -2.6903780e+00   7.8844280e+00
  -7.6262040e+00   3.9735980e+00
  -3.2641400e-01   8.1264280e+00
  -7.9773620e+00  -5.8247690e+00
   4.4149400e-01  -4.7654560e+00
   4.1637230e+00  -3.9468670e+00
   1.0910219e+01  -5.5998370e+00
  -2.3736230e+00  -2.3609630e+00
   4.4754740e+00   6.5728140e+00
   5.1937680e+00  -9.4044160e+00
  -5.7432350e+00   6.4290440e+00
  -1.7899600e+00  -1.0106923e+01
   2.6704330e+00  -4.2243880e+00
  -7.5163800e+00  -6.0661460e+00
   6.1833000e+00   3.5521560e+00
   4.7235870e+00  -3.3322550e+00
  -2.5210920e+00  -9.8856700e-01
  -6.0162620e+00   6.8803870e+00
   4.8929230e+00  -2.6207850e+00
   4.0071870e+00  -1.0631765e+01
  -8.5152430e+00  -2.1988170e+00
   6.8375090e+00  -3.1007800e-01
  -1.2145990e+00   2.2504690e+00
  -6.4467880e+00  -7.1016850e+00
  -2.5695240e+00   1.2218250e+00
  -2.4623720e+00  -1.5698770e+00
  -7.9932730e+00   4.1462710e+00
   4.8014710e+00   6.2608890e+00
  -1.3281180e+00   1.4720980e+00
  -5.4286710e+00   6.7189780e+00
   1.3517890e+00  -4.3035910e+00
   7.4413200e-01   8.2184920e+00
   1.7298400e+00   8.4386220e+00
   2.7292820e+00  -4.0633060e+00
   1.3222566e+01  -1.1379810e+00
   2.9004700e+00   7.1696550e+00
   6.8150470e+00  -8.9477240e+00
  -7.0037230e+00  -6.7471480e+00
  -2.3439710e+00   4.3023700e-01
   1.2061486e+01  -3.5746310e+00
   3.0158000e+00  -4.4572940e+00
  -1.1218830e+00  -1.0324991e+01
   6.2958580e+00   3.7969590e+00
  -7.6238920e+00   3.7365670e+00
  -2.1357270e+00   1.6582690e+00
   6.0382800e+00  -2.5847760e+00
  -2.7530820e+00  -1.4143160e+00
   2.6676140e+00  -1.0068376e+01
  -2.3127560e+00   1.0674990e+00
  -2.9380680e+00  -3.0296000e-01
  -1.6060790e+00   8.3483240e+00
   5.6490470e+00   5.6437060e+00
  -7.9492860e+00  -5.8831860e+00
   2.7211330e+00   8.0576670e+00
   1.2543088e+01  -1.8989400e+00
   4.3761170e+00   6.3882880e+00
   6.4143260e+00  -9.4108280e+00
  -2.3745210e+00   1.1274050e+00
   4.7337280e+00  -3.3753850e+00
  -3.8735080e+00   7.2622490e+00
  -2.3717900e+00   3.5744300e-01
  -8.8043500e+00   2.3197370e+00
  -2.6526090e+00   1.4515150e+00
   6.4510270e+00   5.3062000e-01
  -1.5310200e-01  -1.0257504e+01
   5.6570550e+00   5.3703490e+00
  -2.9843830e+00  -9.9396300e-01
  -8.5599160e+00  -4.8631710e+00
  -2.0044890e+00  -3.3873350e+00
   1.3650640e+00   8.2215900e+00
  -8.0885280e+00  -5.2549960e+00
  -3.1267690e+00  -8.2000600e-01
  -8.2705860e+00  -3.6472820e+00
   4.0090420e+00  -3.0755410e+00
   1.7600700e-01   8.4497530e+00
   4.5870690e+00   6.6557610e+00
   5.5231870e+00  -1.8007850e+00
  -3.2782190e+00   7.4671890e+00
  -6.2723870e+00   5.8011460e+00