  -6.2723870e+00   5.8011460e+00
   6.1511470e+00   9.6077270e+00
  -5.0572290e+00  -3.5885520e+00
   1.0238030e+00   5.1596610e+00
   1.4792170e+00   1.1794899e+01
   3.0463610e+00   1.0074000e-02
  -3.8014710e+00  -5.2608890e+00
   8.6245590e+00   6.3951700e+00
   2.7808830e+00  -4.7331700e-01
  -3.4304150e+00   4.5872520e+00
   4.1981900e+00   1.1181680e+00
  -4.0321820e+00   3.2866890e+00
   3.2797500e+00  -6.9826180e+00
  -4.6490470e+00  -4.6437060e+00
  -3.8746810e+00  -4.9904390e+00
   1.0376683e+01   5.0449400e-01
  -2.3613360e+00   4.7558760e+00
  -5.5323550e+00   2.1810570e+00
  -3.4701550e+00   3.7083040e+00
   1.9922330e+00   4.3226180e+00
   9.5599160e+00   5.8631710e+00
   6.2303200e+00   8.9818150e+00
  -2.2608110e+00  -6.3415710e+00
   2.9215970e+00   1.1007060e+01
   7.6868500e+00   7.5200340e+00
   5.6229520e+00   9.8100670e+00
   3.7192030e+00   1.7728020e+00
   9.7619370e+00   3.2552000e+00
  -5.8793580e+00   1.0055995e+01
  -6.3476700e-01   5.6597380e+00
   3.6670540e+00   1.5037110e+00
   1.3384100e+00  -7.3423160e+00
  -4.3723950e+00   1.1109983e+01
   3.9016810e+00   3.0798100e+00
  -5.1060750e+00  -3.9480950e+00
  -4.7607700e+00   2.6241380e+00
  -7.3078200e-01   5.4675280e+00
   6.1908330e+00  -6.1243390e+00
  -5.1654170e+00  -2.5026610e+00
   9.3142220e+00  -9.6509200e-01
   9.5697470e+00   5.0249190e+00
  -9.1452090e+00   7.7562260e+00
   3.5039660e+00   1.0675447e+01
   9.0106300e+00  -1.5539190e+00
   9.9317940e+00   1.1521420e+00
   2.0597810e+00  -7.0847380e+00
  -5.1998360e+00   2.8554800e+00
   8.9758200e-01   4.8676960e+00
   3.8608380e+00   2.6396730e+00
   6.1552570e+00  -6.4939560e+00
   4.3723740e+00  -6.8798930e+00
   2.1279870e+00   5.0987340e+00
   1.5215090e+00   4.9369610e+00
  -3.0053000e-01  -7.5546910e+00
   3.0326520e+00  -1.2064470e+00
   3.5688110e+00   6.3136300e-01
   2.8940360e+00  -4.2928700e-01
  -4.9977650e+00  -2.3952180e+00
  -6.1460830e+00  -1.5516640e+00
   7.7560240e+00  -5.2660340e+00
   4.2946480e+00   1.0844506e+01
   3.6382290e+00   2.1132500e-01
   3.3416540e+00   3.2596300e+00
   9.2259220e+00  -9.6311700e-01
   6.5200570e+00   9.0950750e+00
  -3.5976240e+00   1.1425168e+01
   3.3502510e+00  -8.9362000e-02
  -9.9673800e-01   5.3257560e+00
   4.7971130e+00   1.0254453e+01
  -3.2082200e+00   1.1475225e+01
   8.6243280e+00   5.8507040e+00
  -2.3977000e+00   1.1202348e+01
   9.9156070e+00   3.8985390e+00
   3.7534970e+00  -5.4150100e-01
  -7.2677600e-01   5.6308740e+00
   2.6716500e+00  -7.7692470e+00
   2.5061840e+00  -1.0201200e+00
   2.8492220e+00  -4.4844000e-01
  -5.8471760e+00  -4.4119700e-01
  -5.6226180e+00   1.0319552e+01
   9.2481730e+00  -3.5147000e+00
   3.6084280e+00   5.2516600e-01
  -3.2364950e+00  -5.3688430e+00
  -5.5915050e+00  -1.0080510e+00
   1.0246554e+01   1.1944300e-01
   8.5038050e+00  -3.7983630e+00
   4.3928800e+00   1.0973839e+01
   9.5826190e+00  -1.0004520e+00
  -4.9759320e+00   2.2831310e+00
   9.8053140e+00  -1.3342750e+00
  -1.1440462e+01   4.4102610e+00
  -3.4881340e+00   4.5580500e+00
   2.5108580e+00   1.1556949e+01
   1.5000300e+00   1.1219383e+01
   3.5627590e+00   1.1278300e-01
   3.3988700e+00   7.9392500e-01
   3.9844880e+00   6.7539700e-01
  -5.7948080e+00  -1.4921700e-01
   2.6449040e+00  -9.4527000e-02
   2.1823350e+00   3.6699990e+00
   7.9414960e+00   7.5397160e+00
  -2.5524050e+00   1.1236722e+01
   5.8652390e+00   9.2715380e+00
  -6.3383800e+00   9.8551960e+00
  -6.1289650e+00   3.8892200e-01
   7.6835360e+00   7.0986690e+00
   2.9890990e+00  -8.4337000e-02
  -5.4994250e+00  -8.6927000e-01
   2.9843540e+00   3.6993490e+00
  -3.5111180e+00   1.0866271e+01
  -3.7758640e+00   3.5673030e+00
   2.2190550e+00  -7.6933240e+00
  -6.0339420e+00   1.0052872e+01
   9.0885280e+00   6.2549960e+00
   3.4043910e+00   1.2545900e-01
  -5.2464340e+00  -3.2235900e+00
   3.2497970e+00  -3.0946400e-01
  -9.7795120e+00   6.7999850e+00
   4.9194940e+00   1.0291762e+01
  -2.4141870e+00   5.2275450e+00
   8.2964910e+00  -3.0915610e+00
  -2.4169990e+00  -6.9597690e+00
  -5.6371330e+00   2.8816780e+00
   3.1913700e+00   1.1125781e+01
   1.7994440e+00   4.1171540e+00
  -5.6918380e+00  -2.4171910e+00
   1.8716200e+00   4.8233280e+00
   2.0874320e+00  -4.8997300e-01
   2.0761000e-02   4.9287080e+00
  -2.8156400e-01   5.2593470e+00
   2.4083220e+00   4.2216000e+00
   8.9777200e-01   5.5241140e+00
   7.1208910e+00   8.8809500e+00
  -4.1355200e+00   1.0349411e+01
   3.2869170e+00  -2.2865000e-01
   6.6869170e+00   9.5914680e+00
   9.7826820e+00   4.8771200e-01
  -1.1286139e+01   4.1608000e+00
  -5.6625750e+00  -3.5148730e+00
   3.2445830e+00   2.8395680e+00
   8.4297440e+00   7.3359300e+00
   2.0966880e+00  -8.1008000e-01
   3.8874620e+00   1.1130981e+01
   2.8236060e+00  -1.0558420e+00
  -7.7316000e-01   1.1475921e+01
   3.3984620e+00  -9.7704800e-01
   9.3898830e+00   6.5682000e-02
   2.8626480e+00  -9.0745000e-01
   9.4261460e+00  -2.2587670e+00
   3.3439710e+00   5.6976300e-01
  -4.9380330e+00   3.0877970e+00
   5.3092090e+00   1.0201652e+01
  -1.1634696e+01   3.3538440e+00
   3.2916080e+00   2.0265480e+00
  -1.8563530e+00  -6.6039690e+00
   7.7917770e+00   7.1376010e+00
  -5.2505490e+00   2.7578970e+00
   3.2691400e+00   2.3934090e+00
   3.4916680e+00   2.7126680e+00
   2.8756440e+00  -3.1433400e-01
  -6.6137840e+00   9.8967500e+00
  -2.7355600e+00   4.5106860e+00
  -4.9423340e+00   2.2638400e+00
  -2.4896100e+00   4.8631550e+00
   9.4302360e+00  -1.8651930e+00
  -1.1823314e+01   3.5137220e+00
   9.6348330e+00   1.7582850e+00
  -9.2300960e+00   7.8912100e+00
   3.4892110e+00   2.5641570e+00
  -6.1215240e+00   1.0436517e+01
   9.1704810e+00   4.2072830e+00
   2.2178490e+00  -8.8130600e-01
  -5.6677280e+00  -1.5148920e+00
  -1.8125280e+00  -6.7593320e+00
   8.7356610e+00   6.0046200e+00
  -5.5484790e+00  -3.2296920e+00
  -5.8134090e+00   6.8419300e-01
  -3.7192260e+00   3.8165490e+00
  -1.1918534e+01   3.3741260e+00
  -1.1903177e+01   3.3391120e+00
   6.6791890e+00  -5.1118550e+00
  -2.7578970e+00   4.2461830e+00
   2.5590180e+00   3.7585040e+00
   5.5435590e+00   9.7364550e+00
   9.3379760e+00   4.3644920e+00
   9.6752320e+00   5.0450750e+00
   2.3495220e+00  -1.2648670e+00
  -1.2269176e+01   8.7617400e-01
  -5.8961170e+00  -1.6601750e+00
  -5.3280740e+00   2.8541000e-01
  -5.8510760e+00   5.5171600e-01
  -6.0718260e+00  -1.1982850e+00
   2.2549260e+00  -6.2932000e-01
  -5.1776180e+00   3.0317820e+00
  -1.0767090e+00   5.5694400e+00
  -5.8467890e+00   1.0115388e+01
   7.1212480e+00  -4.6583060e+00
  -3.9181480e+00   4.0304330e+00
   7.9740920e+00   6.8233270e+00
  -1.5438430e+00   5.0616100e+00
   3.9023380e+00   1.0710181e+01
   7.5405700e+00  -5.0962200e+00
  -1.5376990e+00   1.1063841e+01
   5.9576190e+00  -5.8523360e+00
   1.2745640e+00   5.1619880e+00
  -2.2261200e+00   4.6802990e+00
   3.1380030e+00  -7.0649130e+00
   3.4134580e+00   2.8284400e+00
  -1.2453310e+01   9.2135600e-01
  -4.8488390e+00   2.4430770e+00
   1.1068600e+00   1.1541146e+01
  -5.2056460e+00  -3.1089300e+00
   3.8830920e+00   1.2656880e+00
   3.2802880e+00   2.0034140e+00
  -1.3253980e+00   1.1682885e+01
   4.8499850e+00  -6.8774740e+00
   9.5515360e+00   2.5284350e+00
  -5.6478360e+00  -2.8927690e+00
   1.0023158e+01  -2.1104100e-01
   4.1283570e+00   2.0094090e+00
   6.9211290e+00   8.5579240e+00
  -4.7328690e+00  -4.6450560e+00
  -6.1791210e+00   6.6696800e-01
   6.1560550e+00   9.4610710e+00
  -3.0939910e+00   3.9181080e+00
  -5.6538030e+00  -1.5300570e+00
  -3.4450720e+00  -6.0586740e+00
   3.4154810e+00   3.9529810e+00
   7.1502360e+00  -5.9861980e+00
   1.5597460e+00  -7.4574180e+00
   7.9816230e+00  -5.0467660e+00
  -1.4596630e+00   4.8677730e+00
  -1.0097241e+01   7.4365490e+00
   2.9360360e+00   4.0102540e+00
  -7.2984000e-01  -7.4386220e+00
   1.1426400e-01  -7.0413740e+00
  -3.9126840e+00   1.1566968e+01
   3.9354280e+00   8.0462000e-01
  -5.3713900e+00   2.2512960e+00
   6.1763900e-01   5.6902710e+00
   8.0226970e+00  -4.4007960e+00
  -2.8610560e+00   1.1147744e+01
   1.0041244e+01   2.8610700e-01
   8.0459670e+00   6.5115940e+00
  -5.9785950e+00   1.3931860e+00
  -1.4686700e+00   1.1787823e+01
  -1.0679833e+01   5.2070750e+00
   8.2323170e+00  -3.4300030e+00
   4.6219840e+00  -6.7395240e+00
   8.8105610e+00  -2.5121300e+00
  -3.8749300e-01  -7.6731980e+00
   3.5445350e+00   1.1209046e+01
   2.9249710e+00  -7.0954000e-02
  -5.8031770e+00  -2.3901540e+00
   3.4881430e+00   2.0716060e+00
   9.8043500e+00  -1.3197370e+00
  -4.1218550e+00  -4.3966390e+00
   1.0332788e+01   1.6862210e+00
   2.9067470e+00  -2.6616900e-01
  -3.2560490e+00  -5.2561220e+00
   9.8906470e+00  -3.1689300e-01
   8.7525800e-01   1.1937213e+01
   2.7161790e+00  -8.6372500e-01
   3.9500400e+00   1.0294682e+01
   3.8005400e-01  -7.6685500e+00
   1.0097222e+01  -3.5045200e-01
   1.1088960e+00   1.1019927e+01
   2.3053810e+00  -1.2845570e+00
  -1.5808740e+00   5.1928900e+00
   3.9854450e+00   1.0568498e+01
   5.8008480e+00   1.0082266e+01
   7.2166360e+00  -4.9754590e+00
   3.5690710e+00   1.4274430e+00
  -3.6682330e+00   4.4713990e+00
  -4.7244230e+00  -3.1840150e+00
  -4.7935420e+00  -3.6209800e+00
   7.3320770e+00  -4.4160110e+00
  -2.4657650e+00   1.1497034e+01
   4.9836350e+00   1.0245047e+01
   9.9610690e+00   4.0030490e+00
  -4.6570550e+00  -4.3703490e+00
  -4.7114690e+00  -3.0877490e+00
   3.9379810e+00   3.2167050e+00
   3.5711600e+00   1.3422160e+00
   5.0460840e+00   9.8928520e+00
   8.0378640e+00  -3.8620920e+00
   1.5845790e+00   1.1778704e+01
   2.0535040e+00   3.7928740e+00
  -2.9668570e+00   1.1493852e+01
  -1.3162130e+00   5.4123370e+00
   7.7796160e+00  -4.0754790e+00
   2.5943790e+00  -8.7791200e-01
  -1.9324540e+00   5.4792960e+00
   3.3714380e+00   2.0798060e+00
   6.2315210e+00  -5.7586850e+00
   1.0769550e+00   4.9197850e+00
   8.8909600e+00  -2.8835170e+00
   3.0079690e+00   4.5672300e-01
   3.7509480e+00  -6.7026180e+00
  -4.0495840e+00  -5.0238110e+00
   7.3272000e-01   4.7640200e+00
   9.7886680e+00   1.5064600e-01
  -3.9884990e+00  -4.7357710e+00
  -2.5629000e-01  -6.8212900e+00
  -5.2610860e+00   2.0991500e+00
   1.0061975e+01   3.0499480e+00
  -4.1197890e+00   4.1169950e+00
  -1.9181930e+00  -7.2224900e+00
  -5.1451490e+00  -2.0571150e+00
  -3.5870690e+00  -5.6557610e+00
   2.7977590e+00  -6.5050900e-01
  -4.1216140e+00  -4.8870300e+00
   2.6679380e+00   3.7685980e+00
   8.0037230e+00   7.7471480e+00
  -6.0120800e+00   1.1112700e-01
  -4.4389670e+00  -5.4563820e+00
  -2.4768720e+00  -6.2113280e+00
   7.8641370e+00  -4.7665960e+00
   2.6060420e+00   3.1755890e+00
  -5.3985930e+00   2.3337380e+00
   3.8935080e+00   1.3325970e+00
   4.0396460e+00   1.3438240e+00
  -9.3598300e-01   5.6647560e+00
   9.3374210e+00   5.1172260e+00
   2.4109580e+00   4.3470050e+00
   2.9239890e+00   3.4593250e+00
   3.5636030e+00   1.7008210e+00
   2.3890110e+00   4.7376610e+00
   6.6532040e+00   9.2796650e+00
   2.4828440e+00  -6.9038300e-01
  -4.5429170e+00   1.0720628e+01
   5.5105100e-01   5.6779600e+00
  -4.7190180e+00   3.0139140e+00
  -2.4502330e+00   1.1414382e+01
  -1.6676140e+00   1.1068376e+01
   7.4467880e+00   8.1016850e+00
   5.7216090e+00   9.1814650e+00
   3.3489600e+00  -7.0388700e+00
   3.2902100e+00   9.1136800e-01
  -5.8977340e+00   1.1906740e+00
  -6.0029440e+00   1.3954330e+00
   3.3096970e+00  -6.8091450e+00
   1.5239830e+00   4.9710040e+00
   1.2610830e+00   1.1740758e+01
   9.8041700e+00   9.0715200e-01
   1.2325330e+00  -7.6929730e+00
  -6.2431860e+00  -9.0165800e-01
  -1.1997313e+01   2.1706530e+00
   2.1570440e+00   4.7845820e+00
  -8.2314900e-01   4.7887550e+00
  -3.2535600e-01   5.2891640e+00
   7.8132540e+00   7.4256470e+00
   4.1206810e+00   1.0364056e+01
   3.7976530e+00   6.3241800e-01
   1.1871280e+00   5.0697500e+00
  -1.1863183e+01   2.5541970e+00
  -1.6051200e+00  -6.9820770e+00
   3.7735720e+00   2.7564620e+00
  -1.3509030e+00  -6.7026750e+00
  -4.7764270e+00   2.5312920e+00
  -3.9023860e+00  -5.3555570e+00
   8.9037040e+00  -2.8929270e+00
  -5.5911170e+00   1.1101290e+00
   3.0809360e+00  -1.4365800e-01
  -2.9406310e+00   1.1233167e+01
  -1.1416230e+00  -7.5852720e+00
   8.9856210e+00  -2.5376590e+00
   3.9718490e+00   2.2094000e+00
   2.7279190e+00   3.2912610e+00
  -5.1493950e+00   1.6238680e+00
   3.9221210e+00   8.8997900e-01
   9.6762060e+00   3.9201890e+00
   9.8012480e+00   4.8290920e+00
   3.8956760e+00  -6.6427230e+00
   4.5814240e+00   1.0784276e+01
   8.0807350e+00  -3.4578570e+00
  -4.1662500e-01   4.8506010e+00
   2.5160290e+00  -6.6142300e-01
  -6.9710300e-01  -7.0529960e+00
  -4.0873800e+00  -4.4931780e+00
  -5.4723280e+00   1.1658280e+00
  -3.9089080e+00   3.4043360e+00
  -3.2563200e-01   5.6958160e+00
  -3.5125250e+00   4.1098870e+00
   2.3362640e+00   3.9910100e+00
  -9.0716470e+00   7.9972700e+00
  -4.0787660e+00   4.1803950e+00
  -3.6540660e+00  -5.4945610e+00
   2.6503870e+00   1.0655532e+01
   2.5333050e+00   1.0714007e+01
   1.2193340e+00   4.9304960e+00
  -6.1740510e+00  -1.8895000e-02
  -5.2219750e+00   2.3685490e+00
   2.4286400e+00  -1.5359780e+00
  -3.4083600e+00   4.0093690e+00
   4.8018340e+00   9.8680570e+00
   3.5977880e+00   3.0880170e+00
   1.0093172e+01   3.3148980e+00
  -4.0707130e+00   3.2321590e+00
   4.0633890e+00  -7.5770150e+00
   3.9636810e+00   1.0202015e+01
   3.0959470e+00   2.8011620e+00
   2.1647910e+00  -1.7072760e+00
  -5.4413160e+00   2.7036010e+00
  -5.5940460e+00  -2.6503540e+00
  -5.9735860e+00  -2.4609900e-01
   2.2230330e+00  -1.1570950e+00
  -6.0239300e-01  -6.8206540e+00
  -7.4111500e-01  -7.3938590e+00
   9.2088930e+00   4.9105520e+00
  -1.5230400e+00   1.1707674e+01
  -4.6774300e+00   1.0449095e+01
   1.9064300e-01   1.1311840e+01
  -1.5906420e+00   4.8835320e+00
   5.7375310e+00   9.7106020e+00
   3.3865270e+00   6.4492700e-01
   5.4904680e+00  -6.4146690e+00
  -5.7378750e+00   1.0585179e+01
  -5.2019940e+00   2.5916960e+00
  -3.4189600e-01  -7.5095250e+00
   8.7516170e+00  -4.1465870e+00
   7.6499980e+00   8.1814600e+00
   2.9935970e+00   3.9021880e+00
   9.7692600e+00   2.3066040e+00
   3.2997920e+00   3.6039810e+00
   7.5734600e+00  -5.5312200e+00
   3.7053640e+00  -3.8424700e-01
  -4.9254000e-02   4.9767690e+00
   6.0117110e+00  -5.8378830e+00
   3.9706860e+00   1.9567200e-01
  -1.5811810e+00  -6.3791300e+00
   2.4519200e-01   1.1169936e+01
   3.0809760e+00  -1.7702200e-01
   3.7770120e+00   4.1698000e-01
  -2.7250280e+00   4.7039910e+00
   6.6905650e+00  -5.9521470e+00
  -5.8656510e+00   1.0668198e+01
   2.9228510e+00  -9.2407400e-01
   3.2710910e+00   2.8528780e+00
  -2.7422430e+00  -6.2271400e+00
   1.7177190e+00  -7.5141290e+00
  -3.1534430e+00  -5.7573520e+00
  -9.6414400e-01   1.1593043e+01
  -3.7261700e+00   4.1930150e+00
  -5.5139130e+00  -1.2043150e+00
  -5.0204410e+00  -2.9587120e+00
   3.3824920e+00   1.6045700e+00
   9.6083810e+00   1.7352320e+00
  -8.2475000e-01  -7.2827630e+00
  -4.7724440e+00   1.0756369e+01
  -5.1639700e-01   1.1922225e+01
   3.3437800e+00   3.2987390e+00
   1.6259400e+00  -7.8963920e+00
   4.3847550e+00   1.0511822e+01
   9.6135290e+00   1.6840450e+00
  -1.2105440e+01   2.3858280e+00
  -5.3201230e+00   4.5227200e-01
  -3.9443060e+00  -5.3801430e+00
  -5.2185590e+00   2.8468880e+00
   8.5153340e+00  -4.4528630e+00
  -5.3807330e+00   1.0023582e+01
   9.1178210e+00   5.4173490e+00
  -4.1838460e+00   1.0697816e+01
  -1.1645738e+01   2.1932450e+00
   1.0236067e+01   1.7455390e+00
   4.1402380e+00   8.7763900e-01
   7.6660550e+00   8.7812160e+00
   9.1817240e+00   5.7036670e+00
  -1.1714010e+01   3.5479700e-01
   9.8285720e+00  -1.8830700e-01
   9.4008620e+00  -2.1513890e+00
   1.0414802e+01   1.7329540e+00
  -7.4809540e+00   9.3963880e+00
  -6.1457510e+00   1.0404946e+01
  -3.2562060e+00   5.1735370e+00
   2.8124610e+00   4.3295510e+00
   7.7457040e+00   7.0701000e+00
  -4.5997080e+00   3.1828100e+00
   3.9623690e+00   2.7559680e+00
  -3.6546400e-01  -7.0817680e+00
   2.2278090e+00  -7.7039630e+00
  -9.9120360e+00   6.2173720e+00
   8.8222530e+00  -3.6783910e+00
   1.0084807e+01   2.7470320e+00
  -1.1654684e+01   1.5496170e+00
  -1.1007070e+00   1.1231386e+01
  -9.3858780e+00   7.5175060e+00
  -5.3947230e+00   2.0020270e+00
   1.0284237e+01   3.9486700e-01
   2.9685320e+00  -4.2011500e-01
   3.9672800e+00   1.0503083e+01
   3.5798200e+00   6.4191100e-01
   2.4837920e+00  -1.5656860e+00
   5.6064860e+00  -6.3651470e+00
  -4.2845870e+00   3.7857120e+00
   3.4663860e+00   2.2323430e+00
   8.5100430e+00  -3.5588030e+00
   3.3127560e+00  -6.7499000e-02
  -1.2155150e+00  -7.4532850e+00
   6.3878600e+00   8.8035770e+00
  -9.5079800e-01  -7.1796060e+00
   3.1850590e+00  -1.0506600e+00
   8.4093520e+00   7.1332690e+00
   8.5481410e+00   6.7842110e+00
   1.0416490e+01   2.4265290e+00
   6.0598500e+00  -5.5224310e+00
  -5.6895270e+00  -2.4053140e+00
  -2.6235160e+00  -6.1309250e+00
  -1.3079180e+00   1.1724512e+01
  -2.0425420e+00   1.1268650e+01
  -6.1923150e+00   7.1884700e-01
   5.3013580e+00   9.4093540e+00
   3.8047010e+00   1.6831800e-01
  -3.7837540e+00  -5.0448410e+00
   3.5793200e+00   2.6600620e+00
  -5.4706430e+00   2.6447980e+00
   3.6075190e+00   1.1165550e+00
   6.3319390e+00  -5.7090380e+00
   7.5636600e-01   5.2922210e+00
   8.3963460e+00  -3.0976350e+00
   3.6767110e+00  -6.8704830e+00
  -5.4928020e+00   1.3987100e+00
   8.7019960e+00  -3.0380570e+00
   9.5427990e+00  -2.6024090e+00
  -7.1111200e-01   5.6770570e+00
   7.7188090e+00   7.3060760e+00
  -4.4163830e+00   3.3195760e+00
  -5.9010330e+00   5.7617200e-01
  -5.3730000e-02  -7.2544400e+00
   9.9059690e+00   4.4025590e+00
   5.0733090e+00  -6.0292690e+00
  -1.9106730e+00  -6.2541340e+00
   1.0193115e+01   2.1715070e+00
   9.9311070e+00   3.1095260e+00
   1.0365301e+01  -2.8162700e-01
   9.8063050e+00   5.9167600e-01
   9.1986430e+00  -2.5904590e+00
   4.4828340e+00  -6.5508360e+00
   3.1974000e-02  -7.2234310e+00
  -3.7337280e+00   4.3753850e+00
  -6.2850520e+00   9.6103070e+00
   6.1818590e+00   9.1575020e+00
   6.1560170e+00   9.4020540e+00
   3.0251640e+00  -1.2726700e+00
  -2.4145790e+00  -6.1527460e+00
  -4.9340730e+00   3.6501450e+00
   6.4557630e+00   8.7302610e+00
   2.6323790e+00  -5.8912700e-01
   3.5149100e+00   1.0768813e+01
  -4.7726400e+00   3.0352890e+00
   3.7541060e+00   1.0825089e+01
   2.5586800e-01  -7.2184920e+00
   2.9772870e+00   3.0302500e+00
   3.5150200e+00   7.6212400e-01
   3.8700810e+00   3.4220390e+00
   3.9695770e+00   2.5847610e+00
   9.2705860e+00   4.6472820e+00
   9.7244900e-01   5.2360430e+00
   9.0411140e+00   6.2409000e+00
   8.9381210e+00  -2.1373450e+00
   5.8425970e+00   9.9745270e+00
  -1.3102540e+00   5.4556100e+00
  -2.0962030e+00   1.0997252e+01
   6.9012210e+00  -4.7623010e+00
  -7.3157800e+00   9.4924360e+00
   1.7047000e+00   4.1286850e+00
   9.6912490e+00   3.2952500e-01
  -2.1272100e-01   5.0393730e+00
   9.8963890e+00  -4.2205400e-01
  -3.5866850e+00  -5.0928910e+00
  -5.8930010e+00  -1.8381000e-01
   7.5590830e+00  -4.8466940e+00
  -5.1086330e+00   2.2604180e+00
  -1.1895820e+00  -6.9247000e+00
   8.3373940e+00  -4.2963150e+00
   8.8815090e+00  -3.2887100e+00
   4.9241300e-01  -7.3627280e+00
   1.1711800e+00   5.4851140e+00
  -4.1862710e+00  -5.2453490e+00
   7.4608900e-01  -7.0125710e+00
   3.4643290e+00   3.5615400e+00
   1.2419720e+00   4.7480630e+00
   3.7475720e+00   1.5768900e+00
  -5.4560950e+00  -3.4556830e+00
   2.0447430e+00  -1.7411350e+00
  -5.6246860e+00  -3.5471000e-02
   8.7599950e+00  -2.3768960e+00
   9.6998210e+00   2.6327540e+00
   9.6224360e+00   2.9113210e+00
  -5.1170920e+00   2.4834170e+00
  -1.0851658e+01   5.0047460e+00
  -6.1848930e+00  -2.5828500e-01
   2.4146490e+00   1.1070468e+01
  -9.6229640e+00   7.3637580e+00
   6.8451260e+00  -5.2092280e+00
   1.7945440e+00   4.8390640e+00
  -3.8946130e+00   4.1676730e+00
  -6.2719090e+00   1.0219107e+01
   1.2047710e+00   5.4623540e+00
  -4.6015570e+00  -5.0001950e+00
  -2.2762150e+00   5.5093430e+00
   2.9679870e+00   3.1024110e+00
   2.0318620e+00  -1.3458980e+00
   3.3416660e+00  -1.8153600e-01
  -5.7237650e+00   1.0217710e+00
   1.0954140e+00  -7.8279720e+00
   2.4635540e+00   4.1588760e+00
  -1.7547870e+00   1.1559516e+01
  -6.0225590e+00   1.0112031e+01
  -3.8753360e+00   4.1418260e+00
   1.9270340e+00   4.6922440e+00
  -4.6988390e+00  -5.1108580e+00
  -3.0049900e-01  -7.5156530e+00
   5.5823460e+00  -6.3083190e+00
  -2.1219080e+00  -5.9659070e+00
  -1.0423152e+01   5.7440860e+00
   3.4714900e+00   3.4199980e+00
   9.1503650e+00  -1.9243500e+00
   3.3166730e+00   9.3219300e-01
   8.3061530e+00  -4.5175080e+00
  -1.0295911e+01   5.9447590e+00
  -3.0071870e+00   1.1631765e+01
   2.8870500e+00   4.0979260e+00
   9.8875820e+00   2.5708820e+00
   3.8252170e+00   1.3357770e+00
   2.7351830e+00  -9.1782000e-02
  -5.9532150e+00   1.0707403e+01
   2.4436040e+00  -7.7163700e-01
   3.5142780e+00   1.0206070e+00
   2.3240310e+00  -7.6792370e+00
  -9.4060240e+00   6.3544640e+00
   3.3311960e+00  -4.0364000e-01
   2.4381720e+00   4.0577000e+00
  -5.4263190e+00  -1.8697630e+00
  -1.0351407e+01   5.8190890e+00
   4.0367310e+00   8.8849600e-01
  -3.1623660e+00   4.8325930e+00
  -1.1967934e+01   1.1686920e+00
   2.7259700e+00  -7.1255800e-01
   9.1830310e+00  -1.3817330e+00
  -1.0657145e+01   6.0111970e+00
   6.0897020e+00   8.5811140e+00
   2.5772440e+00  -8.7111300e-01
  -1.5524430e+00  -6.6131110e+00
   4.2712870e+00   1.0435336e+01
   3.8411970e+00   8.2643100e-01
   3.9931700e+00   1.1124410e+00
  -5.0786550e+00   1.8078730e+00
  -1.8794450e+00  -6.6992050e+00
  -2.2631400e+00   4.8179100e+00
   8.9055480e+00  -3.0982840e+00
   8.7691720e+00   5.7831120e+00
   2.1371730e+00   4.0382420e+00
  -4.3916750e+00  -4.4840700e+00
   9.4879470e+00  -2.4759790e+00
  -4.8275740e+00   2.5073210e+00
   8.8304110e+00   7.0822780e+00
   9.3585570e+00  -2.2101100e+00
   3.1957730e+00  -7.6165160e+00
   9.8623170e+00   3.0697970e+00
   6.8826970e+00  -5.3187690e+00
   3.2860650e+00   3.3320440e+00
  -6.2240740e+00  -1.2584490e+00
  -5.8022990e+00  -2.7697680e+00
   5.6117000e-02   1.1239845e+01
  -5.5002620e+00  -1.4379010e+00
  -4.1213460e+00  -4.2682490e+00
  -5.7770600e+00   6.6398400e-01
   8.7975270e+00  -2.8524620e+00
  -1.1027410e+00   5.6989110e+00
   6.8805030e+00   8.9916240e+00
  -3.8794410e+00  -4.6626770e+00
   7.2197840e+00   9.1315980e+00
  -9.9102190e+00   6.5998370e+00
   4.1696100e+00   1.0211145e+01
  -2.5181200e-01  -7.3649030e+00
  -1.0303842e+01   6.7354620e+00
  -4.0502620e+00  -4.8260160e+00
  -9.6619200e-01   1.1909903e+01
  -3.8114730e+00   4.1432270e+00
  -1.2615050e+00   5.6061720e+00
   3.8114170e+00   2.4829100e-01
  -6.2652800e-01   1.1825226e+01
   8.2806020e+00  -3.0179640e+00
   8.9492860e+00   6.8831860e+00
   9.9060690e+00   3.2428910e+00
   8.5142400e+00   5.6191770e+00
  -7.3110800e-01  -7.3341360e+00
  -5.8877720e+00  -1.6838450e+00
   7.8915360e+00   7.8774310e+00
  -3.7235870e+00   4.3322550e+00
  -1.1975929e+01   2.9004160e+00
   2.1581560e+00   1.1255513e+01
   3.8395080e+00   4.5244500e-01
  -4.8977090e+00   1.0538329e+01
   7.1066300e-01   1.1534321e+01
   9.0130300e-01   5.0726530e+00
   4.6127000e-01   4.8305660e+00
   9.5268330e+00   2.5276000e+00
   2.2737380e+00   4.9056850e+00
   3.5504310e+00   3.3988590e+00
   5.2807280e+00   9.3094410e+00
   9.2811650e+00  -1.0835890e+00
  -1.5626770e+00  -6.9410940e+00
   8.1274430e+00   6.8221210e+00
   8.0911400e-01  -7.3227700e+00
   9.8084100e+00   5.0196010e+00
  -7.9130510e+00   8.8688920e+00
  -3.8403250e+00   4.6687780e+00
  -4.4531950e+00  -5.2246460e+00
   9.2948300e-01   5.1289480e+00
   1.0241006e+01   8.1601200e-01
  -4.2987470e+00   3.5323060e+00
   3.4963810e+00   1.7218920e+00
   3.7009990e+00   4.9530300e-01
   5.6765400e+00  -6.5411230e+00
  -3.6696000e+00  -5.5817510e+00
   1.7324200e+00  -7.7222010e+00
  -4.7951900e+00   3.2776650e+00
  -5.0877460e+00   1.8494280e+00
  -5.7420680e+00  -3.6632960e+00
   8.4423400e+00  -3.2941590e+00
   6.3408030e+00   9.0979380e+00
  -5.1184870e+00   3.0722130e+00
  -5.4153840e+00   1.0372495e+01
  -5.5350280e+00  -3.4127680e+00
  -1.8816200e+00   1.1587622e+01
  -4.5094990e+00   3.1221240e+00
   9.5985960e+00   5.5439410e+00
   6.3839010e+00  -5.8127540e+00
  -2.2233140e+00   5.6210370e+00
  -1.0487478e+01   4.8378560e+00
   9.2544000e-01   1.1450091e+01
  -9.9342420e+00   6.5410700e+00
   2.7131130e+00  -2.0100100e-01
   1.3208420e+00   5.2324540e+00
  -1.0165993e+01   6.1948500e+00
  -1.6532600e-01   5.4037930e+00
   7.1521500e+00  -5.7646210e+00
  -2.1040730e+00  -6.5631130e+00
   4.3483720e+00  -7.2277290e+00
  -5.7935640e+00   1.5930350e+00
  -7.7943100e-01   5.7676530e+00
  -5.4855000e+00   2.5508650e+00
   2.8661630e+00  -6.7545120e+00
  -9.7938750e+00   7.4559280e+00
  -5.8914540e+00  -5.2829700e-01
   1.7105330e+00   4.9482130e+00
  -8.6023680e+00   8.2239870e+00
  -7.0584800e+00   9.8682900e+00
   9.5220830e+00   4.5817860e+00
  -1.9593020e+00   1.1542189e+01
  -2.3240080e+00   1.1648568e+01
  -5.8220430e+00  -3.0745120e+00
   2.8930130e+00   1.1036892e+01
  -5.0136650e+00   3.4109940e+00
   6.6272310e+00   9.6685760e+00
   3.1239000e+00  -7.3157130e+00
  -3.2802290e+00   1.1259198e+01
  -3.2706010e+00   4.3625970e+00
   2.8294050e+00  -2.3737000e-01
   9.7599080e+00   4.6397120e+00
   1.2527820e+00   4.5227670e+00
   2.8499660e+00   3.7855060e+00
   3.4717220e+00   7.9835000e-01
   9.3381040e+00   5.0519480e+00
  -1.1283271e+01   2.2654790e+00
  -1.5824600e+00   4.8801530e+00
  -6.3353030e+00  -7.7069200e-01
   6.4142310e+00   9.0662180e+00
   9.5397780e+00  -1.8657000e-02
   6.7248630e+00   8.7880450e+00
   2.0407740e+00   3.9230380e+00
   3.4530190e+00  -5.0042400e-01
  -6.0095760e+00  -1.6996930e+00
   9.1426270e+00   6.4272330e+00
   3.5655000e+00   1.7645750e+00
  -2.3853860e+00  -6.2905550e+00
   9.6978360e+00   2.3949090e+00
   1.9826840e+00   4.6573850e+00
   1.1700280e+00   4.8740040e+00
   9.0955490e+00   6.4820060e+00
  -4.9320890e+00  -3.0664120e+00
   2.7662040e+00  -1.2349100e+00
   8.9830090e+00   5.7291540e+00
  -4.6678170e+00  -3.9098880e+00
   2.3008760e+00   4.3662830e+00
   7.6176800e+00  -5.3359640e+00
  -9.7673780e+00   6.8018500e+00
  -2.2095760e+00  -6.1810780e+00
   3.4720540e+00   1.0273520e+00
  -1.1054882e+01   3.9901870e+00
  -4.6557270e+00   3.4457470e+00
  -5.8537610e+00  -2.0226290e+00
   5.6248540e+00   1.0160313e+01
  -5.4592000e-02   5.3368640e+00
   9.8247370e+00   3.3829970e+00
  -7.0863000e-02  -6.9503200e+00
  -4.8097780e+00   1.0532854e+01
   3.8032980e+00   1.0805616e+01
   3.6885920e+00   3.2595050e+00
  -4.6034500e-01   1.1076677e+01
   2.4917550e+00  -1.2680470e+00
   5.1024770e+00  -6.1115070e+00
  -8.8372580e+00   8.5910230e+00
   1.0177618e+01   1.2424940e+00
   2.4177470e+00   4.0734600e+00
  -3.1502050e+00   4.8741900e+00
   8.3315100e-01   4.9709800e+00
   5.2837400e-01   1.1347023e+01
   2.2981870e+00  -7.9829100e-01
   9.7646640e+00  -2.0556350e+00
   4.3548000e-02   5.1431670e+00
   1.0265528e+01   1.3306630e+00
   3.8343830e+00   8.9109600e-01
   2.8456730e+00  -9.3772600e-01
   8.2324330e+00  -3.7571690e+00
   5.3855610e+00   1.0072521e+01
  -3.7706940e+00   1.1027465e+01
   1.8419710e+00   4.8099500e+00
   2.8302460e+00   3.7834730e+00
   9.4454270e+00  -2.0275940e+00
  -7.3134810e+00   9.4670500e+00
   5.3485740e+00  -6.4626240e+00
  -6.2242740e+00  -9.1915300e-01
   3.5281180e+00   1.9892210e+00
   2.9778810e+00   4.3463860e+00
  -1.1479070e+01   4.6259190e+00
  -3.9542700e+00   1.0575144e+01
  -7.0424800e-01  -6.5662690e+00
   3.1726080e+00   2.7671710e+00
   3.9452840e+00  -1.2337200e-01
   3.3078250e+00   3.9257620e+00
   1.8467650e+00   1.1209948e+01
  -3.3359210e+00  -6.1186590e+00
   6.3630830e+00  -6.3404420e+00
   2.3281180e+00  -4.7209800e-01
   1.4950090e+00   1.1216419e+01
  -2.1244090e+00   4.8585850e+00
  -5.5909300e+00   9.9831840e+00
   9.0414600e+00   6.3729230e+00
   3.3113290e+00   7.9533000e-02
  -2.5374500e-01   5.4697620e+00
  -6.4690340e+00   9.9257040e+00
   7.2668720e+00  -5.1439940e+00
  -1.3730010e+00  -6.8985960e+00
   9.6445500e-01  -7.3854770e+00
  -1.9231410e+00   5.5927090e+00
   2.9392490e+00   3.9593970e+00
  -8.3202880e+00   8.1024950e+00
  -5.1595650e+00  -3.6254900e+00
  -8.8195740e+00   7.5580510e+00
  -3.0844380e+00  -5.3596020e+00
  -3.2746950e+00   4.8823940e+00
   2.4577680e+00  -1.2185460e+00
  -5.5651850e+00  -1.7696290e+00
  -5.5320080e+00  -2.6698080e+00
  -5.1878240e+00   1.2091090e+00
   3.3095650e+00  -7.1768730e+00
   9.7206520e+00  -1.1281570e+00
   4.1578300e+00   2.1961160e+00
  -5.4042140e+00   1.0444790e+01
   1.0198335e+01   3.1756320e+00
   9.6540420e+00   3.7583050e+00
   2.6388060e+00   3.9534360e+00
   1.8252380e+00   5.0211400e+00
  -5.3298300e-01   5.4051510e+00
   9.6593040e+00   1.3736910e+00
  -4.3096010e+00   3.2045640e+00
  -4.4810160e+00   2.8598550e+00
  -1.6733660e+00   5.3541150e+00
   3.9553580e+00   1.7978750e+00
   3.2942460e+00   5.2803800e-01
  -1.6622940e+00   5.7192290e+00
  -1.0794823e+01   4.0031200e+00
   1.2491740e+00   5.3161260e+00
  -7.8951900e-01  -7.2383930e+00
  -8.0107310e+00   8.6215400e+00
  -6.5896600e-01  -6.9625840e+00
   3.3132810e+00   1.0667162e+01
   3.5143440e+00   1.0858563e+01
  -2.4284540e+00   4.8959460e+00
   4.1853490e+00  -6.9274690e+00
   3.6351040e+00   3.3968600e-01
  -1.1284922e+01   3.8915840e+00
   3.0626660e+00   1.5004100e-01
  -5.6821400e-01   5.2524400e+00
   9.6372110e+00   1.1505780e+00
   7.2381690e+00  -4.6537130e+00
   5.9879540e+00  -5.9469960e+00
   2.6977510e+00   4.1532970e+00
  -4.8423880e+00   1.7437150e+00
   3.6114060e+00   3.1923960e+00
   3.2295910e+00   2.5470360e+00
   3.5684120e+00   1.3386200e-01
   2.8536610e+00  -7.0032290e+00
   2.9450160e+00  -9.5995200e-01
  -4.1114540e+00   4.2090550e+00
   2.7634260e+00   3.9259110e+00
   3.9405510e+00   2.4398970e+00
  -4.0600540e+00   1.0801457e+01
   4.0161280e+00   1.0995490e+00
  -5.2917630e+00   2.4691270e+00
  -5.6588510e+00   7.4450200e-01
   2.7437240e+00   3.9589060e+00
   2.7114590e+00  -7.1928600e-01
   1.8278440e+00   4.9469970e+00
   1.6840210e+00   4.4710870e+00
  -5.0582510e+00  -3.2447200e+00
  -2.4047490e+00   5.1375030e+00
   7.8393700e-01  -7.2322700e+00
  -5.5863710e+00   1.8290500e-01
   5.1121830e+00  -6.4802370e+00
   3.2913980e+00   1.6415500e-01
   3.1438850e+00   2.8332910e+00
  -1.1837160e+00   5.1653150e+00
  -3.8309490e+00   3.5204890e+00
   3.6792140e+00   3.3063670e+00
   4.7772150e+00   1.0324361e+01
   1.0051696e+01   1.7004920e+00
   5.5980660e+00  -5.5584040e+00
   9.9583590e+00  -1.0203870e+00
   9.8634070e+00  -8.8726000e-02
  -7.7361000e-02   5.3690220e+00
  -5.9236520e+00   1.0261852e+01
  -5.4093960e+00   1.3776760e+00
   9.1884870e+00  -1.8703000e+00
  -7.2235490e+00   9.3044050e+00
   1.2839170e+00   5.0971190e+00
  -2.0478100e-01   5.6348050e+00
   1.7190140e+00   4.6654550e+00
   7.8718570e+00   7.5226190e+00
   4.0948430e+00   7.1770300e-01
   2.4822620e+00  -1.3695440e+00
   3.9297910e+00   2.5146330e+00
   3.5410640e+00   1.7435400e-01
  -4.7940050e+00  -3.6481750e+00
  -5.9758870e+00   3.3639900e-01
  -6.0049190e+00  -8.0815000e-02
   2.7793460e+00  -7.1280730e+00
  -1.0219989e+01   5.1655150e+00
   2.4385260e+00  -1.5508530e+00
  -1.7431360e+00   1.1038598e+01
  -5.6539220e+00  -4.4912500e-01
  -6.9468980e+00   9.5264470e+00
  -4.2871030e+00  -4.2314490e+00
   8.3576910e+00   6.0732330e+00
  -1.0127893e+01   5.9192140e+00
  -5.0171940e+00  -4.4194520e+00
   9.9919210e+00   3.3326390e+00
  -4.0443920e+00   1.0936642e+01
  -5.9684660e+00   1.0053762e+01
  -5.5092400e+00   1.0333212e+01
   3.4295400e-01   1.1639281e+01
   6.7658790e+00   8.0744190e+00
  -4.5463210e+00  -4.8981120e+00
   8.9994840e+00  -3.4889920e+00
  -5.4624180e+00  -2.7742540e+00
  -1.6704330e+00   5.2243880e+00
  -5.8228400e+00  -6.7190000e-02
   3.3284650e+00   6.3060100e-01
  -3.1620070e+00   4.4508470e+00
   3.6372300e+00   4.7624000e-02
  -3.3090000e+00  -5.4683120e+00
  -3.8929230e+00   3.6207850e+00
  -2.7963310e+00  -5.8683170e+00
  -6.4190000e-03  -6.9715350e+00
   2.8213000e-02  -7.1421110e+00
   2.6242980e+00   1.0805333e+01
   5.5714300e-01   1.1252058e+01
   9.1697400e-01   5.4563020e+00
   3.8303610e+00   1.4139600e+00
  -1.1657465e+01   2.9904550e+00
   9.4455620e+00   8.7130100e-01
   2.8675430e+00  -6.3275000e-01
   3.1836620e+00   2.8782380e+00
  -5.4250010e+00  -1.6899990e+00
   8.8670480e+00   6.8451150e+00
   6.6681790e+00   8.5666740e+00
  -5.6431160e+00   1.3466710e+00
   3.6460370e+00  -6.3361300e-01
   5.4904560e+00  -6.2587110e+00
  -4.9184510e+00   2.7379370e+00
  -1.0978309e+01   4.6509090e+00
  -1.1950130e+00   5.2817830e+00
   9.2938250e+00   3.4807930e+00
   3.6105210e+00   2.5679600e-01
  -7.7990270e+00   8.9240980e+00
  -1.0669040e+00   5.5923530e+00
   4.0068730e+00   4.1488800e-01
   9.8080240e+00   3.3539900e-01
  -1.0142622e+01   6.4375540e+00
   1.9354350e+00   1.0764203e+01
   9.7918640e+00  -7.2658200e-01
  -5.3946330e+00  -1.6508400e-01
   4.1662820e+00   1.0697510e+00
  -4.3022230e+00  -4.3227570e+00
   6.2235130e+00  -5.5431960e+00
   2.1299440e+00  -1.3233090e+00
  -1.1681648e+01   4.0347200e+00
   9.0228200e-01  -7.0019980e+00
   9.3995460e+00  -2.9388880e+00
   3.2248360e+00   3.8389200e+00
   1.0340158e+01   2.5673440e+00
   3.2403310e+00  -6.1925700e-01
   9.4519360e+00   4.8265460e+00
   7.9650940e+00  -4.3373620e+00
   2.7901440e+00   1.0519768e+01
   8.7683830e+00  -3.2703380e+00
   2.8854290e+00  -9.0928000e-02
   3.0243900e+00   2.9067030e+00
  -1.7186470e+00  -6.8338930e+00
  -4.5084130e+00  -4.3494380e+00
  -1.1161671e+01   2.7719280e+00
   3.6526090e+00  -4.5151600e-01
   8.4972430e+00  -3.0420170e+00
  -2.8199070e+00   4.1749030e+00
   3.7822140e+00   1.0411293e+01
  -5.8903650e+00  -2.4713880e+00
   3.9394970e+00   1.9906660e+00
   7.5449090e+00   7.5393240e+00
  -3.9016020e+00  -4.9812950e+00
   9.8949850e+00   1.1860270e+00
   4.6354000e-02   5.4647790e+00
  -1.2312158e+01   2.1569410e+00
   6.1733870e+00   8.6604240e+00
  -4.7351940e+00  -4.2179330e+00
   3.1704910e+00  -5.5971200e-01
   2.6960770e+00   3.6189900e+00
  -3.6444140e+00   4.1822040e+00
  -3.4117990e+00   4.1432790e+00
   4.2417970e+00   1.0535645e+01
  -3.0291540e+00   4.6316680e+00
   1.0113499e+01   3.2110510e+00
  -2.0543910e+00  -6.2192650e+00
  -3.7125450e+00   1.0879918e+01
   6.1132210e+00   9.2492540e+00
   6.8696700e-01  -7.7428540e+00
   5.1084410e+00   9.4692460e+00
  -9.2699620e+00   7.2889490e+00
  -4.9541080e+00  -2.5921760e+00
   9.6665610e+00   5.0978560e+00
   1.0030907e+01   3.9461190e+00
   8.5358380e+00   6.8823420e+00
  -5.5399260e+00   1.8423610e+00
  -1.0799743e+01   5.4774690e+00
   7.6331930e+00  -4.4707820e+00
  -1.0252466e+01   7.0862380e+00
   4.4691530e+00  -6.8740700e+00
   4.5465260e+00   1.0672552e+01
  -8.8726070e+00   7.7045940e+00
   2.3613800e+00   3.8238280e+00
   5.4812170e+00  -5.7400520e+00
  -1.7597520e+00  -6.0967200e+00
  -7.3530770e+00   9.4157520e+00
   2.3604260e+00  -7.8391660e+00
   8.7286900e-01   5.2304320e+00
   1.7168620e+00   5.3559670e+00
  -5.1626000e-01  -7.4590890e+00
  -4.6773300e-01   5.3989710e+00
   3.5194030e+00   2.6407990e+00
   2.1124720e+00   4.0423590e+00
  -1.7590030e+00   4.9928290e+00
  -7.5199800e-01  -6.9976050e+00
  -5.2958580e+00  -2.7969590e+00
   3.6616990e+00  -6.7165710e+00
   4.7194740e+00  -6.7366880e+00
   3.3804800e+00   1.7047870e+00
  -2.1095090e+00   5.3690700e+00
  -1.9992180e+00   1.1369250e+01
   4.7724900e+00   1.0519810e+01
   4.2979970e+00   1.0585045e+01
   1.0360752e+01   1.8598590e+00
   7.2923730e+00  -4.7476640e+00
   9.7536960e+00   4.5016140e+00
   3.3991760e+00   1.9472280e+00
   9.5156470e+00   3.0082930e+00
   2.0533940e+00  -8.5584400e-01
   6.8994120e+00  -4.8272170e+00
  -6.6077000e-01  -7.0326330e+00
  -1.1770903e+01   1.7148560e+00
   2.5265620e+00   4.5640380e+00
  -4.9343710e+00   2.9593230e+00
   4.6875460e+00  -6.6500430e+00
   9.8400130e+00   6.6197000e-01
  -8.1278900e-01  -6.8459360e+00
   2.8287140e+00  -5.7108900e-01
   5.9851170e+00   8.7671390e+00
  -3.0877440e+00   1.1597560e+01
  -1.0707060e+00  -6.4627250e+00
  -5.2586000e+00   1.4617830e+00
  -4.7073200e-01   4.8851970e+00
  -2.7857150e+00   5.1154460e+00
  -5.7787920e+00   1.9454520e+00
   6.8310670e+00  -4.9512150e+00
  -2.1895840e+00   5.2148330e+00
   7.0705110e+00  -5.4311370e+00
   2.6181800e-01   4.9709390e+00
  -8.5435680e+00   7.8110320e+00
  -4.6049190e+00  -5.2250940e+00
   3.8593390e+00   2.2439570e+00
  -1.0609978e+01   5.9813520e+00
   4.0158850e+00   1.4302740e+00
   2.2952610e+00  -9.2221100e-01
   1.9704160e+00   4.5325870e+00
  -3.4484820e+00  -5.5108270e+00
   2.3893760e+00   4.1248500e+00
   2.9872300e-01   4.9966030e+00
   2.8949700e+00  -7.8186660e+00
  -6.1498060e+00  -7.4458300e-01
   1.9554520e+00   4.1840760e+00
   2.5763080e+00   3.5275270e+00
   6.7799230e+00  -5.6567730e+00
  -1.0524601e+01   4.6926510e+00
   7.3863800e-01  -6.9928460e+00
   2.9470680e+00  -1.0598670e+00
  -1.2132900e-01   5.1594620e+00
  -3.1637230e+00   4.9468670e+00
   8.6077300e+00   6.3983100e+00
  -5.1869780e+00   1.0633703e+01
   3.7077060e+00  -1.0909900e-01
   3.8353990e+00  -4.7719000e-02
   5.8661790e+00  -5.6437010e+00
  -1.0008837e+01   6.7501970e+00
   3.0454520e+00  -9.3173700e-01
   2.2585510e+00   4.7423390e+00
  -8.1230700e-01   5.7191790e+00
  -1.1033934e+01   3.5876290e+00
   9.5925070e+00  -1.8478450e+00
   3.3717900e+00   6.4255700e-01
   3.2706360e+00   3.8876740e+00
   2.3710800e+00   4.1181390e+00
  -1.1248564e+01   2.5474900e+00
  -5.6828820e+00  -2.9415830e+00
   3.2158080e+00   4.0708380e+00
  -1.8651460e+00   5.0976320e+00
  -1.1671403e+01   3.3994680e+00
   9.0436850e+00  -3.0510690e+00
   5.6935110e+00  -5.5599130e+00
  -4.8042900e-01  -7.4074720e+00
  -4.4316480e+00  -3.9681450e+00
   9.7001230e+00  -1.7268940e+00
  -6.0372880e+00  -1.0653970e+00
   3.9380680e+00   1.3029600e+00
   3.6367410e+00   1.6755800e+00
   7.0650060e+00  -4.7589470e+00
   7.6179790e+00   8.1252560e+00
   3.1152960e+00  -7.7542000e-01
  -5.8441270e+00   1.5430790e+00
  -5.7441670e+00   1.0450085e+01
  -1.1072380e+00   1.1842511e+01
  -2.0526770e+00   5.0122820e+00
   2.7723030e+00   3.4700540e+00
  -1.2271993e+01   1.1403510e+00
   7.1152490e+00  -5.3390450e+00
   9.8333140e+00   2.0791550e+00
   2.3254890e+00   4.7059950e+00
   1.6769840e+00   4.7711150e+00
   2.1142560e+00  -1.3916410e+00
   3.9209900e+00   2.2311010e+00
  -3.8534670e+00   1.1306090e+01
  -7.1533500e-01   5.5586360e+00
   1.1192260e+00   4.4014880e+00
  -1.2417920e+00   4.8968110e+00
  -5.1800930e+00  -2.5335410e+00
  -1.0032372e+01   6.9195500e+00
   6.3938760e+00   9.2031190e+00
  -2.9755380e+00   1.1594895e+01
  -8.2924000e-02   5.4641840e+00
   2.2489270e+00  -7.1740130e+00
  -2.4691910e+00   1.1901833e+01
  -4.8834400e+00  -3.8117540e+00
   9.4708020e+00   4.8784340e+00
   2.6831760e+00  -7.7398900e-01
   9.4794260e+00   3.8423180e+00
   9.5245710e+00   4.9885300e-01
   4.8735080e+00  -6.2622490e+00
   3.2845820e+00   3.8226040e+00
  -1.2965670e+00   4.9115640e+00
   9.5685970e+00   1.9949050e+00
   1.0099773e+01   1.0325100e+00
  -3.2069000e+00  -6.2319330e+00
   3.6032860e+00  -1.8986700e-01
   5.4142390e+00   9.6677570e+00
  -9.6389030e+00   7.9921060e+00
  -5.5008850e+00  -7.5473800e-01
  -1.8292080e+00  -6.0686130e+00
   3.4008880e+00   3.4524860e+00
  -1.4838330e+00   5.5452050e+00
  -3.6389080e+00   4.8658950e+00
   1.0230119e+01   1.2053630e+00
   1.0158488e+01   1.8849720e+00
   8.8752270e+00   5.2129910e+00
  -3.6744740e+00  -5.6927790e+00
  -1.1894715e+01   4.5194600e-01
   6.1773210e+00   9.3913180e+00
   2.8758900e+00  -3.3887300e-01
   3.4510120e+00   3.6786950e+00
   9.1931550e+00   3.6644410e+00
   9.7527880e+00   4.0894360e+00
   3.2756100e+00   3.3764500e+00
   3.8207300e+00   1.9604920e+00
   3.8693830e+00  -7.1998650e+00
  -9.0009920e+00   7.8652100e+00
  -7.2708600e-01   5.2482700e+00
  -3.8501690e+00   1.1279156e+01
   9.6666790e+00  -1.0358300e-01
  -5.6660330e+00  -1.7144450e+00
  -1.7448410e+00  -6.5317810e+00
  -3.7132260e+00   1.0944890e+01
  -2.9087470e+00   5.0651910e+00
   9.3914070e+00   1.4576400e-01
   9.9942980e+00  -5.5906200e-01
   4.6370870e+00   9.8681170e+00
  -4.9867180e+00   1.0659440e+01
   9.7005580e+00   1.0534540e+00
   3.0236020e+00  -6.8641700e-01
  -4.5820800e+00   3.1085780e+00
   4.2518800e+00   1.1763780e+00
  -3.2759230e+00  -5.6258670e+00
  -3.7810610e+00   1.0578496e+01
   9.1485480e+00  -2.3043290e+00
   2.9273120e+00   3.7149450e+00
  -1.2693320e+00   1.1142175e+01
   3.7563180e+00   3.0847080e+00
   2.6743540e+00  -7.3173680e+00
   2.3293080e+00  -1.4243860e+00
   2.1916140e+00  -7.0025690e+00
   7.4617900e-01   4.8593130e+00
  -3.4343100e+00  -5.8244510e+00
   4.2253050e+00   1.6690590e+00
  -1.1108301e+01   3.3256610e+00
  -2.1773860e+00  -6.8691350e+00
  -5.5595020e+00  -2.9711350e+00
  -8.8203720e+00   7.7561170e+00
  -9.1259700e-01   5.3821900e+00
  -4.3652800e+00   3.7824240e+00
   7.0528490e+00  -5.0312100e+00
   7.7300470e+00   8.1430730e+00
   6.9249900e-01   5.2691160e+00
  -5.4839700e+00  -1.8008980e+00
  -1.0104810e+00   5.7522750e+00
   3.3651150e+00   1.0608219e+01
   8.8168300e+00  -3.3641410e+00
  -5.3832720e+00   2.0517800e+00
   2.8415740e+00  -4.4249000e-01
   7.6664910e+00  -3.6629330e+00
   5.9168310e+00   1.0069118e+01
  -4.7304670e+00  -3.7543240e+00
  -3.7848180e+00   1.0987250e+01
   8.5421460e+00  -3.4810230e+00
   4.9840150e+00  -6.0816170e+00
   3.7196060e+00   2.7654250e+00
   6.3997170e+00   8.7591360e+00
   9.5041100e-01  -7.7994670e+00
  -3.4125970e+00  -5.8307880e+00
   8.9391200e-01   4.8709320e+00
   5.2394390e+00   1.0030334e+01
   3.8008120e+00  -6.8958480e+00
  -4.4645500e-01   5.4620110e+00
   3.9550290e+00   1.4184650e+00
   6.1506430e+00  -5.9234740e+00
   6.2823480e+00   9.2647360e+00
   8.0477170e+00   6.7092670e+00
   3.5345110e+00   1.2684090e+00
   1.5983250e+00   4.5285720e+00
   9.3522220e+00  -3.1001180e+00
   1.2507900e-01   4.9391400e+00
  -5.0755210e+00   2.0559650e+00
   7.8215190e+00   8.2315900e+00
   3.5547370e+00   1.0739007e+01
  -1.4187430e+00  -6.2227960e+00
  -1.1626992e+01   1.0656460e+00
  -4.7842040e+00   1.1170872e+01
  -5.7799350e+00   1.3073040e+00
   9.8161300e+00  -1.5817610e+00
   2.0354560e+00   4.8473070e+00
   3.4023050e+00  -5.9492400e-01
   7.5649060e+00  -4.1676800e+00
   4.2563510e+00   2.0853380e+00
  -5.4037210e+00  -3.4507620e+00
   5.2900770e+00   1.0428727e+01
   3.5266330e+00   1.0172900e-01
   9.7797680e+00   2.9299850e+00
  -4.8316770e+00   3.1217800e+00
   3.9388420e+00   1.7672260e+00
  -5.2839300e+00  -2.1372120e+00
  -5.8375090e+00   1.3100780e+00
   1.1733980e+00   5.3444200e+00
   4.4319100e-01   1.1843042e+01
  -1.2427832e+01   9.6850300e-01
   3.1171820e+00   3.7253620e+00
   5.0997970e+00  -6.2969260e+00
   3.8676860e+00   4.5580300e-01
  -3.4910000e-01   1.1177333e+01
   3.6163240e+00   1.0598455e+01
  -1.3487640e+00   5.1880040e+00
  -7.1156100e-01   5.0087910e+00
   2.9237250e+00  -7.5451520e+00
  -4.4476700e+00   3.6231280e+00
   8.4178230e+00   6.9455200e+00
   3.7989380e+00   2.0974790e+00
   8.8072350e+00   5.2119170e+00
  -1.8464270e+00   5.3950120e+00
   2.9667530e+00  -6.5994100e-01
   2.2574220e+00   4.1259400e+00
   1.9047860e+00   4.3088030e+00
  -3.6506400e-01  -7.2215900e+00
   8.2399300e-01  -7.4497520e+00
   1.3888960e+00  -7.6852900e+00
   3.4623720e+00   2.5698770e+00
  -5.9867450e+00   1.5724990e+00
  -1.1927105e+01   3.1313190e+00
   2.7750800e+00  -9.8420400e-01
   2.0644790e+00   5.0844820e+00
  -5.8073310e+00   9.4973200e-01
   3.0801260e+00  -6.9679280e+00
   2.0911580e+00  -1.5333360e+00
   4.2339810e+00   1.3588160e+00
  -2.0135000e-01   5.3018250e+00
   7.8978990e+00  -5.0560370e+00
   4.8188610e+00  -6.6877890e+00
   3.1474260e+00   3.7842520e+00
   2.9100230e+00  -3.7451200e-01
  -5.1200660e+00  -3.9300390e+00
  -5.3344670e+00   1.0129191e+01
   2.4801720e+00  -7.1653300e-01
   3.7191700e+00  -5.0531000e-01
  -1.6616570e+00   5.2799680e+00
   1.0191068e+01   2.6977290e+00
   1.6431730e+00   5.0807090e+00
  -4.9416480e+00   3.5474200e+00
   5.1206230e+00   9.5074960e+00
   8.1572500e+00  -4.7537240e+00
   4.7858820e+00  -6.9930680e+00
  -9.7555700e-01   5.1903360e+00
  -2.0266080e+00  -6.7341730e+00
  -8.7692410e+00   7.4495700e+00
  -9.2082900e-01   5.3312830e+00
  -1.0224085e+01   6.0609920e+00
  -4.2252430e+00  -4.5212100e+00
   7.4467830e+00  -4.3597230e+00
   3.6499000e+00  -6.5493230e+00
   8.9463500e-01  -7.3443110e+00
  -3.9284600e-01   5.6344460e+00
   7.7457590e+00   7.3758380e+00
   1.2711240e+00   4.7291070e+00
  -2.8672120e+00  -6.4290340e+00
   7.6459410e+00   8.1542990e+00
   1.2991690e+00   1.0924053e+01
   3.6967260e+00   1.4175400e-01
  -2.0051380e+00  -6.6574600e+00
   7.8906320e+00  -4.5875770e+00
   3.5872880e+00   2.8460550e+00
  -4.1955720e+00   4.2007030e+00
  -1.1998441e+01   2.6297580e+00
   5.8127800e-01   5.6258590e+00
   3.5501510e+00   1.3770390e+00
   6.7432350e+00  -5.4290440e+00
  -4.6561110e+00  -4.2876410e+00
  -1.1699046e+01   3.7173020e+00
   3.9821670e+00   4.7508700e-01
   7.0162620e+00  -5.8803870e+00
  -6.6025770e+00   9.4667590e+00
   9.6184320e+00  -6.5824000e-02
  -2.8376920e+00   1.1193393e+01
   8.6851250e+00   6.5022300e+00
   6.7204520e+00  -4.9068590e+00
  -4.8856320e+00  -3.0535380e+00
  -4.2083140e+00   4.1701330e+00
   3.4434340e+00   1.1023502e+01
  -2.3785360e+00  -6.6226280e+00
   4.9702650e+00  -6.8903520e+00
   4.1810100e+00   9.9352130e+00
   9.3706020e+00   4.1421810e+00
   2.5433050e+00  -7.7321800e-01
   4.2321790e+00  -7.1155110e+00
   9.7131270e+00   1.4222030e+00
   3.3958420e+00  -3.6159600e-01
   8.2780480e+00  -3.2337130e+00
   4.9440870e+00   1.0528855e+01
   9.7512890e+00  -1.6311890e+00
  -3.2413040e+00   1.0859210e+01
  -1.1998311e+01   1.0116880e+00
   3.8328510e+00   2.6953120e+00
  -3.5178900e-01   5.3035910e+00
   8.0470260e+00  -4.1692690e+00
   2.6415480e+00   1.1523102e+01
   2.3088810e+00   4.8767120e+00
   4.1528480e+00  -6.8392490e+00
   2.8885780e+00  -5.3748500e-01
  -4.9068910e+00   1.9616650e+00
   3.7506430e+00   1.0790597e+01
  -6.4035000e-01  -6.7836520e+00
   3.5616240e+00   9.0360900e-01
   2.9783270e+00  -6.4561400e-01
   4.0546170e+00   1.1025680e+00
   2.9057940e+00   2.2670200e-01
  -3.2720410e+00  -5.2780430e+00
   3.2509450e+00   2.9155460e+00
   8.8518260e+00   5.0102940e+00
  -4.5654300e-01   1.1227691e+01
   6.9025520e+00  -5.8095960e+00
  -3.3198520e+00  -5.5118110e+00
  -4.5564550e+00   1.0219875e+01
  -1.0897130e+00  -7.2276120e+00
   3.5461370e+00   2.9766320e+00
   2.0166340e+00  -1.0364660e+00
   1.9396360e+00   4.6771170e+00
  -3.5527280e+00   4.0553720e+00
  -2.6256110e+00   4.2235330e+00
  -1.9348820e+00   1.1367334e+01
   1.0263389e+01  -3.7457000e-02
  -4.5695600e+00   3.1570950e+00
   9.1765120e+00  -2.4705680e+00
   2.0586140e+00  -8.6554300e-01
   9.6695900e-01  -7.2997020e+00
  -3.5973080e+00   4.9705430e+00
   2.5775690e+00  -1.1239940e+00
   2.1052620e+00   1.0833708e+01
  -5.3452160e+00  -3.2143410e+00
   3.8229470e+00   1.1027960e+01
   3.1435670e+00   3.3195210e+00
   3.7294900e+00   2.4423480e+00
   2.6295170e+00  -7.1247910e+00
  -1.3020850e+00   5.1561640e+00
  -5.2999690e+00   2.0583700e+00
   7.2723870e+00  -4.8011460e+00
  -9.4694760e+00   6.4568860e+00
   3.2242670e+00   6.5562700e-01
  -3.7288180e+00  -4.5273510e+00
  -5.1228410e+00   2.6173140e+00
  -3.9619500e+00   3.3790280e+00
  -4.9199290e+00  -4.2690030e+00
   3.5830900e+00   2.1170610e+00
   3.5421410e+00  -3.2415700e-01
   3.3338040e+00   6.6426000e-02
   9.6998670e+00  -8.4191700e-01
   5.9260930e+00   9.2814170e+00
   1.1542380e+00   4.9333380e+00
  -2.1739330e+00  -6.3683950e+00
   3.6742030e+00   2.2141800e+00
  -2.4990260e+00   4.6307840e+00
  -1.0829536e+01   5.2875860e+00
   8.4289370e+00   6.3631580e+00
   3.3148420e+00   1.2145510e+00
  -5.8150470e+00   9.9477240e+00
  -5.8335150e+00   1.4749270e+00
   3.7679370e+00   3.2810510e+00
   3.8769880e+00  -7.1184670e+00
  -2.1365120e+00   1.0932016e+01
   9.8903170e+00   1.9160150e+00
   2.0044920e+00   1.1615866e+01
   5.3059150e+00   9.3914830e+00
  -1.8682350e+00   1.1757319e+01
   4.0422320e+00   5.6138200e-01
   9.8921230e+00   2.2305910e+00
  -4.7267500e-01   5.2137430e+00
   9.3312720e+00   4.9759310e+00
   9.7526630e+00   3.9528960e+00
  -3.1907900e+00  -6.3271260e+00
  -9.1647490e+00   7.3755610e+00
   7.3862560e+00  -5.7322810e+00
   2.2630100e+00  -1.2904160e+00
  -6.4071890e+00   9.5675520e+00
   2.1962330e+00  -7.9134900e-01
   7.9779700e+00   8.0119990e+00
   3.7765360e+00   2.3356790e+00
   7.8106800e+00   7.1226340e+00
  -8.0697300e-01  -7.4796690e+00
   3.7876150e+00   2.0821470e+00
   3.1455220e+00   1.1003180e+01
   9.0472560e+00  -1.3046190e+00
  -4.0584240e+00   1.0433346e+01
   3.0044890e+00   4.3873350e+00
   6.2701030e+00   9.4332460e+00
   8.1883730e+00   6.5823570e+00
  -2.6260600e-01  -7.4850130e+00
  -3.7599350e+00   3.1840030e+00
  -2.8111470e+00  -6.2511690e+00
   7.3908840e+00  -4.7745450e+00
   4.3698930e+00   1.0211253e+01
   7.8732550e+00  -4.7901330e+00
   9.5080930e+00   3.8670450e+00
  -4.8075820e+00   3.9262670e+00
   6.6541910e+00   8.4714340e+00
   1.3670990e+00   5.0225780e+00
   7.0055230e+00  -5.1177710e+00
  -2.3856870e+00   1.1082358e+01
  -1.1546298e+01   9.3894400e-01
  -5.1920770e+00   1.6341180e+00
   4.0166230e+00   5.2375500e-01
   8.4021300e-01   5.5735330e+00
   2.8348380e+00  -1.5247780e+00
   1.9201040e+00   5.0462270e+00
  -5.4349030e+00  -6.1484300e-01
  -6.6541830e+00   1.0317419e+01
   2.9647800e+00  -7.0515630e+00
  -5.5847400e+00  -2.5765190e+00
   9.1912300e+00  -1.3388720e+00
  -2.5055990e+00   5.4619550e+00
   2.0259080e+00  -1.5469250e+00
   1.6596070e+00   5.0053160e+00
   2.7275860e+00  -6.1753200e-01
   2.5191380e+00   4.7599330e+00
   6.7184790e+00  -4.9794490e+00
  -5.9733310e+00  -1.0579110e+00
   2.1593260e+00  -1.3576520e+00
   3.5781870e+00   2.7895790e+00
   3.8031350e+00   2.5878200e-01
  -4.9957800e-01   5.3805780e+00
   3.5527170e+00   1.2050230e+00
   3.5312030e+00   1.7883740e+00
  -7.6988500e-01  -6.6289750e+00
   3.9313110e+00   2.9491560e+00
   9.6252390e+00   3.9634120e+00
  -3.8594760e+00  -4.5922270e+00
  -1.8244280e+00  -6.6157000e+00
  -1.0226454e+01   5.3417500e+00
   9.6893920e+00  -1.1186470e+00
  -5.6404940e+00   2.1384590e+00
   8.0604410e+00  -3.6319960e+00
  -4.6461000e-01   1.1214435e+01
  -4.3753490e+00  -4.4892570e+00
  -3.0621980e+00  -6.2687240e+00
   3.5003720e+00   3.7020770e+00
  -5.8197320e+00  -3.8102600e-01
   9.1846860e+00   4.7266340e+00
  -5.5314070e+00  -5.4893400e-01
   1.0213692e+01   2.4678040e+00
  -2.6041430e+00   4.9285090e+00
   7.0157350e+00   8.4981810e+00
   3.4123240e+00   1.1038119e+01
   3.4975840e+00   2.5534030e+00
  -7.4995680e+00   9.1560170e+00
   3.2916370e+00  -7.6391350e+00
  -5.7567490e+00   1.0710615e+01
   8.0147120e+00  -4.6328970e+00
   1.0137238e+01   4.0712750e+00
  -6.0231890e+00  -1.9466760e+00
   9.5002500e+00  -2.6913800e+00
  -5.5620710e+00   7.3673700e-01
  -8.7291560e+00   7.2921020e+00
   8.9126870e+00  -3.6079180e+00
   5.0203060e+00  -6.6794120e+00
   5.4194420e+00   9.8594580e+00
   6.6442600e+00  -5.6846420e+00
   3.3175120e+00   1.2439130e+00
   2.8622760e+00   1.1207876e+01
  -2.0313620e+00  -6.0952580e+00
  -5.9432200e+00  -1.8626260e+00
   6.6133240e+00   9.3543490e+00
   2.7675160e+00  -6.9145060e+00
   3.5251210e+00   2.2983600e-01
  -1.1774376e+01   1.2480470e+00
   2.1548610e+00   1.0951475e+01
   3.0524160e+00   3.5616500e-01
   3.8332320e+00   3.0264260e+00
  -4.9665050e+00   1.7340630e+00
  -4.5966240e+00   1.1270952e+01
   9.1759560e+00   5.6440030e+00
  -6.2027240e+00   1.3149890e+00
  -4.3170310e+00   3.6144940e+00
  -7.6848430e+00   9.4389720e+00
  -1.2881260e+00   4.8156310e+00
  -8.7368350e+00   8.1710680e+00
   2.1965750e+00  -1.7375490e+00
  -5.6464200e-01   1.1808154e+01
   2.2545970e+00  -1.2976910e+00
   2.1218830e+00   1.1324991e+01
  -5.6344420e+00  -2.6937550e+00
  -2.1028510e+00   4.8882810e+00
   3.4748880e+00   2.7382800e+00
  -2.0512850e+00  -6.3651970e+00
   1.6555510e+00   4.8289260e+00
  -1.8412900e+00  -6.2142320e+00
   2.3769430e+00  -1.6189610e+00
   9.2561950e+00   4.9670250e+00
   8.5531120e+00   7.3974450e+00
  -6.1004600e-01  -6.7704470e+00
  -2.7467830e+00  -6.5826830e+00
  -1.0817000e-02   1.1060686e+01
   8.7060940e+00   5.6070700e+00
   8.7449510e+00   6.2621590e+00
   5.7808280e+00   8.8652140e+00
   4.0238730e+00   2.1967750e+00
   7.1674200e+00  -4.5919650e+00
  -2.5628330e+00   5.3399100e+00
  -2.6099880e+00   4.6534840e+00
   4.5190580e+00  -6.2160100e+00
   3.4153580e+00  -1.0728400e-01
  -1.5633700e-01  -6.9304630e+00
  -8.7478500e-01   5.0306040e+00
  -3.8076480e+00   1.0673135e+01
  -3.7947030e+00  -4.9749580e+00
   6.7830680e+00   8.6047780e+00
   2.9753020e+00   4.1348400e+00
   9.2970170e+00   3.9780200e+00
   9.2645090e+00   4.6103890e+00
   8.7474470e+00  -4.2410980e+00
  -2.9163150e+00  -6.2351460e+00
   3.3609980e+00   3.8198020e+00
   2.8161310e+00  -7.8393600e-01
  -4.0135800e+00   1.1510258e+01
   2.9216010e+00   3.7034740e+00
   2.9191540e+00   4.2202450e+00
   2.3711730e+00   4.0802280e+00
   8.3556380e+00  -3.4869180e+00
  -2.0170030e+00  -6.7242080e+00
  -4.8819960e+00   1.8218860e+00
   1.0135447e+01   3.3710230e+00
  -1.2550150e+00  -7.0458910e+00
   5.4934710e+00  -6.3857340e+00
  -7.8085960e+00   9.2108160e+00
   9.6307080e+00   1.8842790e+00
   6.1194820e+00  -5.6470550e+00
  -5.7396710e+00  -1.1461250e+00
  -1.1901677e+01   2.4221040e+00
  -1.9004700e+00  -6.1696550e+00
   6.3365130e+00   9.5106200e+00
  -1.1732569e+01   4.3361090e+00
  -9.1192240e+00   7.3587970e+00
  -1.1724229e+01   7.5049000e-01
   2.7878300e+00   4.2600140e+00
  -5.9064850e+00  -1.4057000e+00
   1.0014650e+00   4.7153340e+00
  -1.1619010e+00   4.7069450e+00
   8.5389380e+00  -4.0455850e+00
   9.2656160e+00   4.9485540e+00
   8.9773620e+00   6.8247690e+00
  -4.2985240e+00   3.3900860e+00
   8.2298060e+00  -4.3564100e+00
   3.4270470e+00   4.0024850e+00
  -2.4338040e+00  -6.0424230e+00
  -4.0379260e+00   1.1533933e+01
   8.6200390e+00  -3.2841110e+00
   2.0989700e+00   5.1883470e+00
  -1.3669420e+00   1.1638052e+01
   2.2814780e+00  -7.1784980e+00
  -7.5138250e+00   8.7394020e+00
   4.0915450e+00   1.9348270e+00
   3.3290810e+00   3.9611630e+00
   1.7389320e+00   5.0246400e+00
   4.1472280e+00  -6.7760950e+00
  -1.2028330e+01   2.9013960e+00
  -5.0258990e+00   2.6251540e+00
   4.8565630e+00  -6.6467390e+00
  -1.6399580e+00   5.4846420e+00
   2.5206890e+00   4.7725550e+00
  -1.1696830e+01   7.2625800e-01
  -3.3868930e+00   4.5561600e+00
   9.0979700e-01   5.3662870e+00
   3.3760990e+00  -2.0175400e-01
  -4.4946630e+00   3.8402990e+00
  -1.7981820e+00   5.1513980e+00
   8.9932730e+00  -3.1462710e+00
   3.5221460e+00   1.6966050e+00
   3.2989930e+00  -3.6258000e-02
   5.2961060e+00  -6.8633160e+00
   2.3283910e+00  -7.1045700e-01
  -4.6343850e+00   3.6536490e+00
  -2.5323720e+00   4.5837930e+00
   2.0618390e+00  -1.4410320e+00
   9.8988170e+00   4.6693300e+00
   3.0984520e+00   3.5664870e+00
  -9.1522600e-01  -7.0482570e+00
   3.3540570e+00   3.0857070e+00
   4.5665450e+00   1.0460632e+01
   1.3927330e+00  -7.1890480e+00
   5.4965350e+00  -6.3286300e+00
  -5.6441240e+00  -2.9024300e-01
  -1.2442920e+01   9.4344100e-01
  -7.2802130e+00   9.1794860e+00
   2.7849240e+00   3.7240210e+00
  -4.4749350e+00   2.9915450e+00
  -5.2900840e+00  -3.9180350e+00
  -5.1463120e+00  -3.0046640e+00
  -5.3104160e+00  -3.9260000e+00
   6.7387440e+00   7.9814300e+00
   9.9642630e+00  -1.1354660e+00
  -6.3716440e+00   1.0331629e+01
  -2.9531770e+00   1.1280997e+01
   1.1826800e+00   5.2498010e+00
  -3.2912620e+00  -5.7891350e+00
   3.8241220e+00   2.4863250e+00
   2.0566270e+00   4.7801100e+00
   3.9023000e-02  -6.9513590e+00
   2.5790010e+00   4.0302420e+00
  -7.1073690e+00   9.1742160e+00
   5.0835550e+00   9.7790730e+00
   6.5523010e+00   8.6063060e+00
  -4.3736790e+00   1.0622825e+01
   3.2210760e+00   3.0328420e+00
   7.1916710e+00  -4.8946290e+00
  -2.4981000e-02  -6.6870780e+00
   3.7741710e+00   5.3642100e-01
  -6.0124000e+00  -1.3460220e+00
   3.6489320e+00   3.3114330e+00
   3.7692390e+00   2.8304030e+00
  -5.6283140e+00  -2.2481500e-01
   2.4484960e+00   1.0764951e+01
   1.5470500e-01   5.5854090e+00
   3.0883590e+00   3.9054480e+00
  -1.0347139e+01   5.3085570e+00
   2.5687100e+00  -8.0162200e-01
  -5.8631770e+00   1.3225970e+00
  -4.6699300e+00  -4.2453810e+00
   1.0993900e-01   1.1262465e+01
  -5.1279100e-01   1.1138299e+01
   8.6152670e+00   6.5392110e+00
   7.2600000e-01   5.1959380e+00
  -1.5573490e+00   5.4952510e+00
   9.8027570e+00  -1.8015000e+00
   5.1842140e+00   1.0241900e+01
   1.0143661e+01   1.3110460e+00
   2.7963700e-01   1.1792754e+01
   8.9550390e+00   6.0181010e+00
   1.2951580e+00   1.1112588e+01
   1.5102370e+00   1.1161518e+01
   9.1924030e+00  -2.0738140e+00
   2.9788060e+00   1.1115858e+01
  -6.4434400e-01   5.2195640e+00
  -3.2025920e+00  -6.4409070e+00
  -6.1465590e+00   2.3955600e-01
   1.2069300e-01   5.4067040e+00
   2.7688610e+00  -7.3522690e+00
   2.3836230e+00  -1.0951690e+00
  -4.8980240e+00  -3.8482350e+00
   3.3803400e+00   2.9512510e+00
  -1.4135200e+00  -6.3537010e+00
  -5.2505000e+00  -4.1230470e+00
  -3.8895090e+00   3.9104340e+00
   3.6486200e+00   1.0744544e+01
   6.6405580e+00   9.6468460e+00
  -4.8169910e+00   3.8683740e+00
   2.4180330e+00  -1.3352020e+00
  -4.7171320e+00   1.0402881e+01
   1.3975110e+00   4.6255310e+00
   8.5985450e+00   5.9074610e+00
   7.9101130e+00   7.2391570e+00
   5.0636440e+00   9.7993700e+00
   6.7442520e+00   9.0209960e+00
   5.7364590e+00  -6.1244930e+00
  -2.1832020e+00   1.1236688e+01
  -1.7199890e+00   1.1090506e+01
   9.9137950e+00   1.7106330e+00
   3.9313650e+00  -1.9429000e-02
  -3.9917020e+00  -4.9358220e+00
   3.3876140e+00  -1.9198100e-01
   1.4244680e+00   4.9007150e+00
  -3.8745500e+00  -5.7513270e+00
  -2.6882490e+00   4.9713020e+00
   7.5276330e+00   8.2214430e+00
   1.0062150e+00   4.8068790e+00
  -5.6393420e+00  -9.5200800e-01
  -4.2695470e+00   1.1293114e+01
   7.9041710e+00   7.9120160e+00
   5.8394650e+00  -5.9701150e+00
  -4.5209720e+00   3.6337640e+00
  -5.3952190e+00  -2.0451700e-01
  -5.6655360e+00  -2.9630780e+00
  -5.2273950e+00  -2.3277330e+00
   3.8739800e+00   3.3003860e+00
  -4.6716650e+00   3.3825760e+00
   7.1898170e+00  -5.0629850e+00
   9.3165230e+00   5.0062190e+00
   9.3703840e+00   5.3529660e+00
  -1.2489673e+01   8.8772500e-01
   1.0023568e+01   7.4129500e-01
   7.7897560e+00  -4.2094200e+00
  -4.0782630e+00   3.5029450e+00
  -1.7188780e+00  -6.7724370e+00
  -9.7732590e+00   6.8089370e+00
   3.0097810e+00   4.0840850e+00
   1.0227979e+01   5.0990000e-02
   9.6713930e+00   4.8138900e-01
   6.2894100e+00   9.5052390e+00
   1.1060370e+00  -7.0529920e+00
   1.8155860e+00   4.3854840e+00
   4.4120450e+00  -7.1492320e+00
   9.5478800e+00   2.8303180e+00
   3.4244640e+00   9.1344800e-01
  -2.8198940e+00  -5.9006430e+00
  -5.7914660e+00  -2.4601610e+00
   2.8583730e+00  -2.0482800e-01
  -6.2194440e+00   9.9714660e+00
   8.9431140e+00  -3.1164640e+00
   7.3691270e+00   8.9264750e+00
  -1.5769300e-01   1.1715645e+01
   3.3891740e+00   9.5110200e-01
   3.1021000e+00   4.1163550e+00
   9.3985040e+00  -7.9511900e-01
  -4.3793430e+00   3.2232800e+00
   6.0569740e+00  -5.8466620e+00
  -5.8570200e+00  -2.5240920e+00
   1.0021539e+01   1.2254230e+00
   6.4243730e+00  -5.7631970e+00
  -3.8725670e+00  -4.6628820e+00
   1.8036510e+00   4.6207730e+00
  -2.4942820e+00   1.1038257e+01
   8.6384100e+00  -2.5626120e+00
   1.3260380e+00   5.3413830e+00
   1.2240660e+00   5.6153620e+00
   2.8097100e-01   1.1952358e+01
   7.6420980e+00   7.7717230e+00
   3.4076480e+00   3.4818410e+00
  -5.2282740e+00   6.1982500e-01
  -1.9672760e+00  -6.5741870e+00
  -4.0888400e-01   5.2960890e+00
  -1.3015920e+00   5.3188770e+00
  -6.3307050e+00  -3.6718000e-01
  -1.4348650e+00   1.1467992e+01
   6.5848350e+00  -5.8708580e+00
   3.0851530e+00   1.1416546e+01
  -2.2293350e+00   1.1533556e+01
  -3.9833710e+00   3.2428590e+00
   2.1109190e+00   4.5041720e+00
   7.0907130e+00  -5.2351240e+00
   2.7911500e-01   5.1515750e+00
   9.1170440e+00   5.6830200e+00
  -3.6494460e+00   4.2609560e+00
  -2.0158000e+00   5.4572940e+00
   3.1812020e+00  -8.1128500e-01
  -3.0956480e+00   1.1617990e+01
   4.3733060e+00  -7.0405480e+00
   3.6056470e+00   1.0072020e+00
  -1.7086820e+00  -6.9274940e+00
  -1.1393487e+01   2.4722650e+00
   3.4346520e+00   2.3380860e+00
  -6.9555440e+00   9.9134280e+00
   3.9843830e+00   1.9939630e+00
   9.9085530e+00   8.5890700e-01
